220
400
1002
1520
1530
1700
2100
2130
2500
2720
2870
3170
3270
3300
3310
3320
3330
3340
3350
3360
3380
3390
3410
3420
3430
3450
3460
3500
3510
3520
3530
3560
3570
3580
3590
3600
3610
3620
3820
4100
4300
4420
4700
4800
6120
6129
6220
6250
6310
6400
6510
6860
6870
6880
7000
7010
7220
7260
7400
7410
7420
7430
7470
7490
7830
7860
8000
8100
8140
8170
8190
8600
8640
8660
8690
8800
8880
8890
8930
9060
9500
9940
10500
10680
11040
11050
11200
11230
11450
12710
12810
12830
12900
13000
15500
15700
15710
15800
15900
15910
15920
15930
15960
15970
16000
16020
16030
16040
16060
16100
16110
16120
16130
16180
16200
16450
16500
16600
16620
16870
17100
17480
18000
18020
18120
18500
18600
18700
18820
19500
20700
20710
21010
21300
21400
21500
21600
21640
22000
22100
22130
22200
22500
22600
22610
22650
22670
23300
23380
23400
23420
23450
23490
23510
23600
25500
25600
25700
25800
26000
26500
26800
26900
27000
27020
27900
27920
28000
29160
29180
31100
31109
31160
31700
31860
31900
31920
31930
32000
32110
32120
32160
32200
33100
33110
33120
33130
33180
33390
33670
33930
33980
34030
34460
34500
34600
34870
34900
34920
35000
35130
35140
35460
35480
35700
35720
35725
36900
36910
37400
37420
37500
37800
38700
38720
38740
39210
39560
39690
40100
40300
40350
40390
40500
40700
41100
41210
41500
41660
41800
42140
42170
43100
44100
44350
45000
45300
45400
45450
46000
46600
46770
47500
48000
48220
48700
48803
49330
49600
50000
50100
50300
52003
57000
57200
57400
57650
57690
57740
58200
58230
58400
58570
60600
60800
63380
64000
65400
65730
65740
65800
65980
67000
67370
70100
70110
70120
70200
70210
70300
70400
70420
70500
70900
71340
73060
90400
90500
91100
91600
91700
91800
91810
92300
92600
95300
96200
97000
98200
98400
98600
102200
102400
102500
102600
102840
105300
105700
107200
109700
110500
110600
111000
111010
111600
111800
112100
115800
116120
200010
200190
200260
200410
200510
200550
200710
201270
201420
201490
201790
202170
202310
202410
202690
203510
203750
203990
204180
204360
205230
205250
205530
205910
206190
206250
206420
207020
207040
207140
207350
207490
207530
207930
208460
208520
208670
209370
209790
211180
211340
211440
211800
212030
212700
214570
214590
214870
214970
215160
215390
215450
215530
215770
216210
216260
216290
217290
217920
218040
218090
218410
218510
219910
220160
220740
220820
221020
221830
221910
222480
222640
223220
223430
223730
223850
224860
227300
227560
228760
229480
229560
229870
230070
230820
231040
232910
233190
233680
233700
234080
234820
235070
235360
235380
235580
235800
236450
237370
237470
237870
239250
239840
240600
241240
241560
241790
241910
242550
242780
243360
244770
244830
245490
245730
246360
246800
247020
248310
248370
248530
248860
248970
249330
249590
249650
250030
250070
250110
250620
252010
252470
252550
252690
253370
253750
255390
256290
256370
256390
257400
257830
258010
258050
258880
259430
259550
260330
260530
261510
262000
262470
262510
263400
264520
265120
265830
266230
266310
266330
267220
267340
267360
267730
268050
269550
269610
269650
269770
269790
269850
270010
270150
270850
270880
272920
274480
278550
278590
279140
279160
280720
282780
282800
283040
284140
284970
285110
285130
285670
285800
286260
287260
288420
288930
289070
290020
291270
291450
292400
293420
293800
293880
293940
294020
294230
294460
295770
296150
296850
297080
299380
299460
299540
301190
301200
301320
303340
303430
303830
303870
304290
304430
304770
306550
307070
307590
308380
308560
310490
310740
310830
311480
311800
311870
312300
312920
313360
314230
314240
314250
314350
314470
314790
314810
315070
315240
315540
315810
315830
315930
316080
316830
317370
317380
317440
317820
318310
318330
318530
319050
319250
319270
319280
320090
320300
321370
321980
322680
322750
323380
323680
323950
324390
325180
326120
326230
326520
327150
327220
327860
328550
328590
328730
328760
329240
329340
329460
330820
331390
331610
331720
331760
332150
333250
333600
334690
334940
334960
335000
335010
335660
335690
336130
336200
337150
337320
337650
338290
338420
338550
338980
339350
339510
339570
339720
339790
340050
340250
340330
340440
340450
340490
340730
340800
340880
341070
341170
341440
341550
341870
341890
342100
342510
342650
342940
342970
343320
343370
343390
343560
344220
344630
344770
345430
345440
345660
346560
346810
347400
348360
349220
349250
349260
349450
349680
350070
350480
350620
350740
350910
351170
351290
351300
351400
352130
352290
352610
352850
353640
353830
354780
354860
354930
355060
355370
355520
355680
355790
355860
356000
356190
356390
356800
357340
359510
359560
359580
359840
359940
359970
360430
361950
362660
362680
362800
363500
364390
364970
365210
365350
366010
366550
366590
367020
368140
368340
368390
369360
369550
369700
370300
370570
370750
370910
371040
371120
371190
371300
371550
371790
372490
372930
372940
374030
374050
374520
374900
375010
375130
375390
375440
375530
375550
375900
376250
376870
377100
377220
377450
377690
377880
378540
378690
378720
378770
379610
379720
380080
380680
380810
381010
382050
382140
382940
383240
383460
383690
383740
383930
384040
384310
384960
385130
385250
385270
385810
386470
386520
386970
387100
388320
388360
388420
388440
389140
390290
390610
390710
390870
391310
392000
392120
392600
392680
392780
392970
393190
394700
394760
395860
396230
396860
396870
397160
397660
397730
397760
397780
398850
398950
398970
398990
399720
400280
400390
400630
400800
401170
401250
402040
402300
402330
402670
403230
403640
403780
404590
404630
406100
406650
407310
407880
408000
408060
408400
408410
408520
408960
409870
410370
410910
411130
411570
412050
412270
413540
413680
414370
414490
414770
414810
415620
415910
416000
416250
416380
416640
417400
417430
417900
418240
418430
418440
419020
420140
420850
421170
421630
422110
423120
423320
423440
423730
423760
425600
425720
425820
426290
426330
427520
427830
428020
428040
428080
428860
429660
430070
431180
431640
431830
431940
432130
432180
432210
432850
432950
432980
433000
433340
433480
433700
433920
434140
434250
434270
434470
434600
434660
434930
435040
435380
435410
435790
435840
436070
436140
436390
437020
437080
437390
437440
437520
437740
438240
438660
438780
439550
439730
439740
439750
439770
440800
441560
442140
443000
443530
443630
443790
444170
444550
445140
445870
446040
446310
446330
446840
448170
448500
448620
448720
448750
448840
448880
449210
449340
449610
449960
451000
451570
452340
452440
453130
453740
454250
454330
454520
454550
454950
455100
455830
455940
456090
456150
456830
457260
457340
457450
458180
459310
459610
459830
460250
460430
460540
460750
460940
461100
461210
461280
461620
461650
461700
461810
462000
462130
462730
463320
463410
463530
463670
463800
463940
464100
464170
464380
464850
465020
465280
465760
465780
466430
466630
466740
466770
466820
467220
467400
468170
468670
468740
469900
470130
470220
470480
470780
470890
471010
471170
471810
473140
473530
473540
473750
474210
474880
475190
476430
476490
476650
479110
479990
480490
481180
481870
482400
483820
483950
484350
484870
484990
485080
485130
485160
485350
485900
485920
486230
486720
487380
487430
487500
487730
488860
488960
489020
489360
489380
490950
491060
491240
491440
491950
492370
492500
494050
494100
494530
494580
495230
495280
495290
495820
496000
496080
496310
496400
496670
496930
497040
497080
497300
498310
498380
498450
498700
498980
499400
499900
500420
500440
500740
500880
500980
501220
502130
502250
502600
502710
502990
503750
503860
504560
504920
505730
506090
506110
506150
506160
506900
507060
508260
508790
508950
509070
509140
509380
509800
510060
510180
510570
511140
511320
511420
511570
511690
511700
512300
513580
513960
514090
514510
514990
515000
516550
516590
516830
516890
517100
517210
517240
517660
517710
518190
518640
520010
520150
520330
520670
520680
520850
521140
521510
521540
521560
521890
521920
521950
522900
523050
523070
523660
523860
523870
524390
524520
524540
524560
525050
525070
525240
525330
525350
525460
525480
525690
526310
526550
526800
527350
527720
528120
528420
528430
528720
528730
528930
528950
528960
529040
529130
529520
529630
529790
529830
530290
530360
530930
531980
532070
532210
532290
533050
533280
533700
533770
533800
534560
535170
535370
535380
535700
536050
536410
536430
537020
537380
537660
538330
540360
540410
540660
541200
541230
542050
542200
543120
543510
543580
543930
543980
544000
544310
544360
545840
545960
546120
546160
546340
546610
546670
546780
546960
547340
547390
547410
547480
547990
549100
551610
551620
551710
552180
552370
552390
552480
552550
552720
552880
553260
553530
553950
555310
555630
555640
555720
556230
556480
556890
557040
557190
557460
557630
557700
558010
558260
558310
558410
558780
559130
559250
559360
559910
560080
560770
561260
561660
561770
562280
562330
562510
563250
563270
565200
565980
566170
566270
566900
567060
567210
567380
567640
567860
568490
568610
569590
569640
570950
571520
573070
573120
573130
573320
574090
575170
575480
575570
576260
576640
576740
576840
578540
578670
578930
579020
579330
580170
580950
581230
581380
582030
582350
582490
583010
583090
583530
584070
584990
585080
585740
586020
586670
588930
589220
589420
589480
589670
589730
589860
589940
590560
590790
590820
590840
591640
593280
593560
593640
593680
593850
594230
594660
594950
595500
596000
596080
596380
596540
596580
596730
596890
596910
597060
597170
597180
597700
598980
600660
600720
601050
601080
601430
601530
601700
601840
602010
602080
602660
602900
602920
602930
603220
603390
603680
603730
603750
603930
604000
604030
604040
604300
604330
604510
604990
605040
605490
605980
606230
606720
606980
607490
607780
609320
609360
609720
609760
610370
610980
611640
611690
611710
611750
612030
612040
612600
612880
613130
613510
614970
615120
615150
615530
616390
616420
616580
616820
617020
617160
617350
618210
618370
618430
618550
618670
619320
619390
620210
620410
620590
620890
621010
621170
621290
621300
622010
622060
622670
622680
623940
625700
625940
625990
626250
626640
628410
629310
629340
629430
629440
629450
629520
630260
630830
630870
631670
631860
631990
632250
632620
632800
632900
633580
633600
634180
634810
635220
635590
635790
635830
636790
636970
637050
637650
638510
638990
639180
639270
639770
640010
640700
640880
640890
641080
641980
642600
642710
643570
643940
644340
645130
645270
646050
646330
646500
646910
647740
647810
647820
648020
648410
648510
648530
649620
649880
649960
650330
650510
650570
650680
650740
650820
651600
651940
652050
652070
652160
652330
652410
652610
652770
652800
653550
654100
654600
654800
655200
655610
655700
655760
656260
656630
656970
657000
657400
658230
658440
658590
658690
658890
659190
659220
659330
659780
660450
660560
660900
661110
661180
661340
661360
661410
661470
662200
662230
662340
662610
662680
662870
664180
664320
664460
664780
665160
665680
665720
665930
666140
666170
666610
666790
666910
667120
667130
667140
667150
667690
667840
668320
668460
668580
668780
668960
669320
669380
669390
670140
670250
670340
670760
670850
670970
671100
671130
671150
671390
671850
672130
672150
672240
672380
673010
673130
673190
673310
673580
673600
673740
674010
674210
674420
675180
675240
676030
676130
676840
677590
677780
677790
677820
677910
678230
678390
678960
679230
679720
679780
680030
680420
680480
680590
680880
681000
681090
681290
681390
681530
681630
681850
682450
682530
682670
682740
682990
683130
683660
683790
684060
684230
684270
684340
685690
686450
686580
687340
687860
688000
688420
688900
689020
689030
689130
689680
689850
689900
689980
690110
690280
690800
691650
692100
692890
692930
693310
693940
694150
694760
695330
695600
696280
696480
696880
696910
697680
698790
699570
699710
700490
700520
700830
701630
701910
704430
704470
704970
705130
705280
705510
705570
705770
706710
707470
707950
708360
708970
710160
710220
710620
710710
710740
710820
711240
711330
711350
711540
711760
712760
714120
714340
715440
715680
716030
716380
716770
717190
717240
717610
717850
718010
718190
718320
718650
719600
719750
719930
720730
721470
721700
721760
721780
721850
722370
722600
722620
722910
723400
723560
724030
724170
725410
725780
725850
726020
726230
726460
727130
727190
727690
728090
728100
728170
728610
728770
731300
731320
731650
732160
732930
733110
733210
733300
733390
733391
733460
733750
734490
735010
735570
736240
736250
736280
736850
737050
737340
737690
738950
739100
739260
739730
739890
740040
740130
740260
740280
740310
741520
741730
742150
743380
743450
744010
744050
744260
744460
744650
744910
745250
745880
746020
746030
747360
747690
748010
748890
749160
749200
749520
749800
750920
751320
751920
752000
752020
752170
752590
752770
752810
752830
752850
752900
753390
753590
753930
753950
754270
754320
755340
755390
755410
755470
756210
756290
756380
756640
756800
757080
757450
757480
758090
758410
758680
759980
760060
760360
761030
761830
761910
762860
763180
763320
763930
763950
763990
764510
765370
765810
766280
766740
767680
767800
769020
769160
769520
770120
770240
770760
770860
771070
771700
771810
771870
772240
772260
772300
772320
772340
772360
772430
772710
772730
773090
773150
773180
773210
773320
773750
773840
774221
774361
775460
775500
775590
775960
776000
776020
776920
777590
777760
778470
778580
778600
779000
779290
779320
779640
780030
780310
780390
781130
781480
781500
782250
782340
783120
783430
783850
783860
784150
784890
785560
786290
786340
786510
787810
788020
788100
788890
789580
789880
789950
791190
791240
791740
791770
792300
792370
792560
792820
793030
793100
793280
793570
793670
793970
794240
794550
795160
795420
795990
796520
796920
798180
798350
798510
798650
798710
798810
799340
799570
799600
800030
800050
800120
800290
800510
800550
800560
800580
800600
800620
800650
800720
800820
801480
801660
803330
803640
804230
804330
805120
805520
805990
806490
806740
806750
806880
806900
807070
808760
808770
809020
809080
809540
809870
811760
811890
812590
812780
812890
812910
813250
813630
813860
813930
814370
814870
814990
815150
815450
815480
815730
815840
816430
816600
816870
817020
817720
818140
818420
818520
818610
818950
818960
819070
819190
819460
820070
820540
821180
821230
821380
821440
822810
824090
824470
824570
824600
825300
825320
825500
826450
826470
827520
828100
828970
829590
830540
831110
831660
833060
833800
833810
833820
833870
833960
833980
834440
834450
834580
835130
835650
835710
836010
836600
836640
836940
837190
837350
837400
837460
837500
837510
837880
838050
838110
839130
839350
839410
839770
839940
840240
840880
841120
842100
842180
842910
843020
843390
843810
843850
844260
844660
844670
845050
845840
846030
846130
846690
846700
847290
847300
847310
847520
847550
847570
847860
848030
848410
848480
848530
848660
849160
849161
849162
849163
849164
849165
849166
849167
849168
849176
849177
849178
849179
849186
849200
849280
849560
849980
850320
850550
851220
851350
851590
851850
852220
852620
852910
853310
853700
854570
855030
855550
855630
855710
856270
856310
857320
857460
858050
858070
858080
858640
858740
858780
859170
859280
859930
859960
860000
860210
860510
860560
861410
861590
862440
863300
863500
863640
863720
863810
864130
864160
864310
864680
864760
865360
865410
866800
866900
867590
868780
869290
869410
869460
869490
869730
869870
870090
871670
871920
872220
872790
872820
873120
873330
873490
873850
873940
874060
874450
875310
876260
876300
876650
877440
877550
877870
878030
878150
878340
878350
879000
879510
879520
879850
880320
880770
881190
881810
882190
882230
882550
882590
883020
883230
884070
884400
884410
884420
884430
884610
884980
885030
885120
885250
885950
886180
886330
886390
886620
886630
887570
887820
888780
888810
888990
889260
889670
890030
890031
890032
890210
890220
890500
890700
890890
891130
891170
891330
891790
892780
892910
893610
893680
893710
893810
895820
896400
896890
897450
897890
898490
898720
900290
900400
901000
903450
903630
903700
903790
904450
904510
904600
904890
905320
905360
905380
905540
906390
906470
906680
906750
906770
907190
907380
907630
907770
907820
908050
908360
908560
909460
909820
910630
910730
910800
911430
911550
911760
912420
912500
912840
913500
914710
914890
914930
915600
915850
916040
916140
916320
916470
917140
917280
917720
917900
917920
917940
918200
918380
918430
918450
918500
918980
919410
919890
920320
920640
921520
921900
922040
922050
922410
922530
922710
922820
923080
923340
923430
923910
924120
924780
924980
925120
925460
925560
926250
926340
926410
926490
927080
927120
928000
928350
928480
928690
928830
929020
929030
929140
929270
930220
930360
930630
930970
931610
931870
932170
932210
932530
932570
933080
933860
934260
934950
935140
935360
935490
935630
935640
936070
936150
936170
936610
936790
936870
937120
937390
937490
937930
938050
938100
939240
939600
939790
939850
940140
940300
941140
941160
941410
941460
941490
941630
941800
942010
942330
943190
943370
944620
944650
945160
946660
946770
947430
947560
947600
948470
948960
949130
949200
949830
949990
950400
951000
951620
952010
952030
952370
952560
952950
953110
953120
953270
953340
954240
954310
954360
954400
954410
954860
955020
955190
955360
955370
955380
955400
956360
956680
957070
957770
957810
958110
959860
960650
960710
960910
960990
961010
962290
963370
963400
963890
964100
964490
965150
965630
965640
965670
965910
966190
966320
966430
966660
966670
966730
967120
967210
967950
968620
968710
969330
970180
970300
970580
971230
971690
972660
972920
973070
973230
973250
974910
975100
975230
975270
977580
977650
977670
977780
978640
978790
978800
979310
979350
979620
979760
980190
980300
980480
980630
980690
981020
981540
981830
982370
982400
982850
983040
983150
983520
983900
983990
984030
984360
984610
984800
984910
985590
985780
985950
986820
986830
987020
987140
987190
987200
987370
987480
987720
987840
988590
988910
988960
989060
989350
989380
989790
990020
990630
990900
991170
991270
991510
992240
992330
992360
992480
992690
992700
992730
992740
992910
993030
994450
994500
994860
995000
995160
995270
995310
995580
996370
996450
996770
997240
997530
997640
998400
998740
998830
998850
999200
999930
1000810
1000880
1001230
1001490
1001500
1001530
1001800
1001870
1001960
1002000
1002200
1002270
1002510
1003230
1003560
1003700
1003830
1003880
1003900
1004050
1004100
1004370
1004490
1004570
1004770
1004800
1005080
1005100
1005400
1005460
1006410
1006710
1006800
1007490
1007760
1008340
1008600
1008860
1009410
1009890
1010600
1011290
1011320
1011720
1011820
1012210
1012360
1012450
1012570
1012880
1013560
1014260
1014280
1014580
1014850
1015100
1015480
1016030
1016630
1016860
1016920
1017160
1017820
1018380
1018740
1018950
1019050
1019310
1019370
1019790
1019910
1020310
1020550
1020670
1021220
1021370
1021770
1022000
1023090
1023140
1023310
1023680
1023790
1024640
1025160
1025410
1026610
1026910
1027060
1027570
1027860
1028630
1028740
1029030
1029070
1029130
1029150
1029540
1029830
1030060
1030350
1031440
1031580
1031790
1032040
1032170
1032580
1032980
1033140
1033190
1034750
1035280
1035560
1035730
1035780
1035840
1035850
1035990
1036000
1036080
1038300
1038820
1039040
1039100
1039180
1039280
1039440
1040200
1040230
1040910
1041270
1041910
1042010
1043110
1043200
1043610
1043780
1044300
1044630
1044900
1044980
1045060
1045610
1045680
1046350
1046740
1046790
1047010
1047110
1047560
1047920
1047950
1048580
1048610
1049010
1049100
1049220
1049310
1049690
1049710
1049890
1049920
1050210
1050260
1050340
1050370
1050720
1051060
1051690
1052040
1052230
1052540
1052640
1053900
1054080
1054430
1054500
1054510
1054640
1054690
1054710
1054950
1055020
1055590
1055930
1056280
1056370
1056680
1056960
1057600
1057630
1058140
1058280
1058430
1058450
1058470
1058830
1059080
1059230
1059460
1059520
1059980
1060210
1060220
1060360
1061180
1061220
1061550
1061880
1061910
1061920
1063210
1063300
1063490
1063540
1063710
1064250
1065070
1065100
1065320
1065900
1065910
1066010
1066580
1066680
1066890
1067580
1068050
1068120
1068410
1068840
1068990
1069160
1069190
1069210
1069290
1069390
1069530
1069610
1069810
1069820
1070110
1070440
1070500
1071100
1071280
1072070
1072150
1072190
1072280
1072420
1072550
1072600
1072610
1072840
1073280
1073320
1073900
1074150
1074550
1074620
1074830
1076020
1076050
1076610
1076640
1076940
1076970
1077210
1077360
1077470
1077510
1077590
1077600
1077680
1077970
1078140
1078240
1078510
1078610
1079160
1079230
1079320
1079870
1080040
1080090
1080250
1080410
1080490
1080700
1080990
1081420
1081960
1082480
1082620
1082730
1082930
1083230
1083270
1083300
1083350
1083460
1083580
1083700
1083760
1083980
1084130
1084160
1084480
1084640
1085040
1085070
1085900
1085970
1085990
1086670
1086980
1087050
1088420
1088610
1088720
1088750
1088950
1089920
1090030
1090100
1090590
1090910
1090940
1091020
1091070
1091390
1091870
1092000
1092530
1092560
1092780
1092790
1092950
1093180
1093830
1093950
1094450
1094760
1094820
1094920
1095040
1095120
1095290
1095360
1095480
1095750
1095760
1095810
1096100
1096180
1096360
1096960
1097110
1097350
1097560
1097670
1097690
1097710
1097770
1097910
1098100
1098200
1098220
1098370
1098420
1098470
1098500
1098610
1098770
1099220
1099790
1100910
1101120
1101190
1101310
1101670
1101790
1101980
1102110
1103550
1103660
1103730
1103790
1104570
1104610
1104790
1105220
1105470
1105600
1105890
1106340
1106680
1106700
1106730
1106830
1107730
1107750
1107820
1108250
1108310
1109130
1109280
1109350
1109470
1109680
1109690
1109820
1110030
1110620
1110770
1111080
1111410
1111600
1111840
1111870
1111970
1112360
1112580
1113060
1113400
1113490
1113570
1113740
1114380
1114480
1114640
1114950
1115780
1115940
1116110
1116170
1116350
1116480
1116560
1116750
1118000
1118070
1118240
1118630
1119010
1119600
1119780
1119860
1120220
1120390
1120420
1120580
1120810
1120820
1121010
1121510
1121710
1123050
1123240
1123500
1123590
1124370
1124390
1124400
1124410
1124850
1124990
1125340
1125350
1125420
1125480
1125670
1125710
1125820
1126110
1126210
1126270
1126300
1126310
1127250
1128160
1128190
1128260
1128750
1128920
1128970
1129090
1129240
1129360
1129920
1130410
1130440
1130820
1131680
1131690
1131740
1131800
1132100
1132180
1132290
1132450
1132480
1132540
1132670
1132840
1133120
1133420
1133640
1133930
1133980
1134550
1134610
1135310
1135450
1135740
1136290
1136730
1137320
1137330
1137400
1137550
1137750
1138100
1138210
1138220
1138380
1138800
1138810
1138970
1139160
1139740
1139900
1140060
1140110
1140170
1140180
1140270
1140400
1140870
1140890
1141120
1141160
1141280
1141290
1142080
1142200
1142230
1142240
1142570
1142680
1142890
1143310
1143750
1144020
1144150
1144380
1144550
1145050
1145490
1146230
1146420
1147090
1147270
1147280
1147870
1147890
1147950
1148310
1149280
1149290
1149620
1150390
1150500
1150810
1150820
1151100
1151130
1151410
1151530
1152050
1152660
1152820
1152940
1153100
1153410
1153640
1153650
1153720
1153850
1154470
1154670
1154810
1154960
1155100
1155300
1155330
1155410
1155650
1155850
1155870
1155880
1155900
1155940
1155950
1155970
1156120
1156200
1156350
1156480
1156490
1156510
1156790
1156950
1156980
1157020
1157100
1157120
1157740
1157800
1157820
1158190
1158230
1158470
1158600
1159090
1159160
1159240
1159260
1159680
1159690
1159830
1159870
1160060
1160920
1161170
1161360
1161510
1161590
1162390
1162700
1162750
1162760
1162860
1162920
1163350
1164050
1164060
1164330
1164480
1164690
1164860
1164940
1165230
1165470
1165640
1166110
1166130
1166290
1166550
1166600
1166760
1166800
1166840
1166890
1167170
1167380
1167470
1167540
1167550
1168210
1168690
1169100
1169630
1169740
1169760
1170060
1170120
1170230
1170290
1170440
1171820
1171840
1171970
1171980
1172150
1172180
1172350
1172450
1172480
1172920
1172930
1173010
1173230
1173240
1173640
1173910
1174400
1174640
1174680
1174770
1174820
1174830
1175050
1175360
1175400
1175430
1175450
1175530
1175800
1175960
1176570
1176890
1176990
1177190
1177270
1177340
1177400
1178210
1178230
1179080
1179320
1179350
1179690
1179890
1180000
1180370
1180520
1180540
1180650
1180970
1181040
1181070
1181140
1181300
1181490
1181520
1181880
1182090
1182260
1182280
1182860
1183170
1183200
1183230
1183260
1183270
1183280
1183300
1183530
1183560
1183800
1184210
1184250
1184460
1184560
1184750
1184790
1184850
1185140
1185360
1185380
1185630
1185780
1185820
1186470
1186580
1186740
1187390
1187410
1187560
1187790
1187990
1188260
1188270
1188320
1188460
1188800
1188850
1188990
1189080
1189100
1189190
1189220
1189290
1189350
1189440
1190000
1190400
1190600
1190820
1191260
1191570
1191650
1191660
1191900
1191930
1191940
1192230
1192440
1192840
1193090
1193300
1193330
1193420
1193520
1193530
1194590
1194630
1195090
1195140
1195230
1196080
1196310
1196440
1196500
1196550
1196590
1197380
1197570
1198040
1198290
1198510
1198520
1198590
1198710
1199220
1199620
1199790
1200150
1200180
1200290
1200330
1200570
1201230
1201270
1201700
1202200
1202430
1202540
1202580
1202770
1203360
1203670
1203710
1203840
1204410
1204440
1204700
1204790
1204940
1205130
1205170
1205270
1206090
1206410
1206770
1207310
1207690
1207850
1208110
1208220
1208590
1208690
1208950
1209080
1209420
1209770
1209950
1210150
1210230
1210960
1211120
1211720
1211930
1212410
1212760
1212840
1213110
1213140
1213300
1213400
1213570
1213810
1214000
1214180
1214410
1214520
1215020
1215380
1215550
1216300
1216550
1216710
1217070
1217350
1217410
1217710
1217870
1217990
1218220
1218580
1218640
1218930
1219620
1219790
1219810
1219860
1220040
1220110
1220520
1220580
1220600
1221250
1221320
1222090
1222140
1222170
1222210
1222220
1222340
1222400
1222570
1222840
1223230
1223390
1223530
1223810
1223820
1224030
1224070
1224840
1225100
1225120
1225240
1225780
1225790
1225820
1225890
1226510
1226670
1226890
1226940
1227070
1227320
1227400
1227570
1227690
1227750
1227760
1228320
1228600
1229060
1229490
1229530
1229580
1229900
1230010
1230120
1230140
1230500
1230660
1231100
1231120
1231150
1231670
1231950
1232010
1232100
1232150
1232220
1232570
1232590
1232650
1232870
1233070
1233270
1233610
1233720
1233850
1233950
1234180
1234680
1234700
1234730
1234750
1234920
1234930
1234960
1234970
1234990
1235110
1235400
1235450
1235510
1235520
1235710
1236620
1236900
1237040
1237070
1237260
1237570
1237670
1237870
1237900
1238400
1238450
1238920
1238990
1239320
1239360
1239740
1239930
1240160
1240370
1240590
1240630
1241400
1241440
1242730
1243290
1243320
1243360
1243700
1243960
1244090
1244300
1244630
1244930
1245000
1245220
1245670
1245820
1246170
1246230
1246620
1247290
1247360
1247940
1248370
1248420
1248460
1248590
1249040
1249070
1249130
1249260
1249510
1249670
1249680
1249800
1249820
1250090
1250120
1250520
1250630
1250670
1250900
1251090
1251470
1251780
1251800
1251850
1251960
1251980
1252210
1252320
1252410
1252630
1252680
1252830
1253190
1253240
1253320
1253440
1253450
1253880
1254390
1254670
1254870
1254900
1255160
1255920
1256040
1256330
1256650
1256900
1256980
1257000
1257030
1257370
1257670
1257850
1257860
1258230
1258310
1258590
1258820
1258830
1258930
1258960
1259140
1259510
1259740
1259760
1260160
1260450
1260520
1260560
1260670
1260820
1260840
1261280
1261300
1261360
1261490
1261820
1261900
1262880
1263090
1263650
1263940
1264180
1264510
1264710
1264850
1265310
1265380
1266030
1266100
1266210
1266610
1266680
1266700
1266840
1266900
1267040
1267210
1267470
1268040
1268200
1268790
1268800
1269020
1269080
1269510
1269710
1269850
1269910
1269950
1270080
1271110
1271250
1271300
1271710
1271900
1272070
1272120
1272280
1272300
1273080
1273350
1273440
1273480
1273600
1273750
1273830
1274090
1274250
1274280
1274360
1274470
1274560
1274830
1274910
1275150
1275370
1275550
1275980
1276070
1276300
1276740
1276810
1276890
1277140
1277710
1277870
1278190
1278750
1278760
1279240
1279310
1280290
1280380
1280420
1280490
1280680
1280840
1280940
1281070
1281190
1281320
1281490
1281510
1281520
1281590
1282110
1282440
1282650
1282730
1282760
1282850
1283380
1283450
1283770
1283790
1283900
1283920
1283980
1284190
1284380
1284660
1284730
1285040
1285060
1285070
1285080
1285510
1285690
1285940
1286380
1286880
1286980
1286990
1287170
1287540
1287840
1288040
1288310
1288390
1288410
1288540
1288650
1288720
1288900
1289280
1289470
1289510
1289850
1289990
1290060
1290100
1290270
1290350
1290460
1290780
1290960
1291110
1291140
1291150
1291210
1291540
1291790
1291860
1292160
1292410
1292440
1292460
1292480
1292500
1292520
1292710
1292980
1293000
1293170
1293480
1293660
1293670
1293700
1293910
1294170
1294260
1294380
1294620
1294680
1294780
1294910
1294970
1295480
1295510
1295740
1295750
1295790
1295920
1296200
1296340
1296470
1296500
1296610
1296830
1297240
1297330
1297440
1297530
1297540
1297660
1297950
1298040
1298140
1298270
1298280
1298310
1298360
1298410
1298480
1298510
1298520
1298550
1298950
1298960
1299010
1299430
1299620
1300180
1300190
1300260
1300350
1300760
1300860
1300880
1300900
1301340
1301430
1301520
1301590
1301820
1301910
1301950
1302030
1302050
1302220
1302230
1302540
1302600
1302730
1302760
1302770
1302930
1303460
1303550
1303620
1303860
1303990
1304160
1304280
1304420
1304490
1304810
1304850
1305080
1305150
1305180
1305220
1305270
1305310
1305320
1305390
1305470
1305570
1305780
1305890
1305990
1306010
1306750
1307580
1307960
1308220
1308760
1308790
1308940
1309000
1309720
1309820
1309950
1309990
1310230
1311070
1311220
1311300
1312080
1313110
1313140
1313340
1314040
1315000
1315180
1315210
1315250
1315320
1315710
1315780
1315980
1316060
1316160
1316310
1316830
1317270
1317430
1318690
1318730
1318740
1319100
1319320
1319460
1319550
1319880
1320000
1320140
1320230
1320430
1320490
1320990
1321030
1321070
1321650
1321680
1321890
1323860
1324420
1324830
1325040
1325730
1325870
1326080
1326290
1327140
1327310
1327540
1328350
1328460
1328840
1329360
1329500
1329790
1330360
1330430
1330470
1330930
1330940
1331060
1331240
1331340
1331390
1331510
1331560
1331660
1332100
1332180
1332360
1332370
1332450
1332570
1332590
1332760
1332940
1332990
1333380
1333470
1333910
1333930
1334000
1334280
1334310
1334510
1334580
1334840
1335230
1335360
1335520
1335530
1335680
1335700
1336380
1336490
1336570
1336620
1336830
1337710
1337760
1337930
1338940
1339260
1339310
1339590
1339730
1339860
1339960
1340180
1340300
1340310
1340480
1340870
1340920
1341170
1341900
1342020
1342540
1342620
1343480
1343700
1343810
1343970
1343990
1344440
1344450
1344690
1344820
1344880
1344990
1345120
1345270
1345280
1345350
1345440
1345760
1345820
1346110
1346120
1346210
1346360
1346460
1347560
1348390
1348690
1348760
1348800
1348810
1349370
1349460
1349640
1349850
1349930
1350100
1350350
1350590
1350720
1351000
1351140
1351180
1351210
1351360
1351630
1351670
1351820
1352130
1352200
1352450
1352660
1352750
1352910
1352930
1353140
1353150
1353330
1353920
1353950
1354270
1354450
1354540
1354690
1354750
1354800
1354940
1355050
1355200
1355310
1355360
1355560
1355650
1355760
1355840
1355970
1356030
1356040
1356280
1356440
1356580
1356810
1357220
1357430
1357680
1357860
1358010
1358440
1358710
1358760
1359260
1359440
1359760
1359850
1359980
1360130
1360160
1360260
1360650
1360720
1360810
1360880
1361010
1361070
1361230
1361610
1361720
1361970
1361980
1362120
1362400
1362520
1362750
1362760
1362960
1363040
1363170
1363210
1363350
1363740
1363850
1364090
1364450
1364580
1364620
1364710
1364740
1364780
1365140
1365530
1365630
1365680
1365750
1366060
1366110
1366200
1366390
1366700
1366840
1367040
1367050
1367090
1367550
1367590
1367710
1368030
1368160
1368240
1368410
1368540
1368670
1368850
1369610
1369670
1369730
1369970
1370420
1370640
1370970
1371050
1371710
1371720
1371880
1372000
1372110
1372300
1372460
1372470
1372530
1372570
1372660
1372820
1373430
1373950
1373990
1374260
1374400
1374410
1374810
1374910
1374920
1375040
1375140
1375510
1375860
1375890
1376010
1376290
1376550
1376580
1376840
1377710
1377990
1378290
1378350
1378360
1378660
1378750
1379050
1379600
1379870
1379960
1379980
1380120
1380190
1380230
1380280
1380290
1380650
1380910
1381370
1381460
1381520
1381850
1382290
1382490
1382790
1382980
1383140
1383200
1383280
1383310
1383490
1383520
1383690
1383700
1383920
1384010
1384110
1384490
1384660
1384760
1384940
1384960
1385260
1385280
1385500
1385580
1385920
1385990
1386020
1386090
1386110
1386180
1386290
1386340
1386510
1386750
1386830
1387300
1387580
1387640
1387650
1387900
1388260
1388390
1388690
1388720
1389180
1389270
1389360
1389580
1389650
1389690
1389870
1389900
1390190
1390290
1390870
1391340
1391400
1391530
1391610
1391680
1391740
1392140
1392340
1392410
1392560
1392590
1392980
1393310
1393320
1393340
1393490
1393550
1393780
1393910
1394700
1394780
1394930
1395190
1395400
1395450
1395630
1395830
1395890
1395900
1395920
1396050
1396140
1396150
1396540
1396870
1397050
1397130
1397360
1397760
1398110
1398500
1398740
1398990
1399040
1399080
1399210
1399300
1399460
1399590
1399700
1399850
1400040
1400060
1400260
1400270
1400360
1400610
1400630
1400710
1400940
1401110
1401130
1401340
1401590
1401630
1401890
1401970
1402010
1402060
1402110
1402290
1402650
1403190
1403400
1403440
1403520
1403960
1404070
1404090
1404330
1404660
1404710
1404850
1404970
1405090
1405130
1405440
1405500
1405730
1405740
1406090
1406630
1406670
1406770
1407150
1407530
1407640
1407760
1408050
1408060
1408090
1408160
1408200
1408300
1408470
1408760
1408930
1409270
1409350
1409360
1409730
1409810
1409830
1409840
1410200
1410330
1410400
1410490
1410640
1411020
1411260
1411770
1411810
1411910
1412080
1412170
1412310
1412380
1412680
1412890
1413550
1413580
1413590
1414030
1414180
1414480
1414520
1414910
1415320
1415890
1416150
1416190
1416220
1416760
1416770
1417360
1417460
1417590
1417650
1417740
1417770
1417930
1418390
1418540
1418610
1418650
1419150
1419190
1419200
1419330
1420510
1420630
1421490
1422020
1422190
1422440
1422630
1422760
1422780
1422910
1423050
1423620
1423720
1424500
1424600
1424960
1425000
1425270
1425360
1425670
1425760
1425990
1426210
1426540
1426740
1426870
1427130
1427320
1427780
1428040
1428140
1428300
1428360
1428520
1428700
1429610
1429850
1430070
1430220
1430330
1430350
1430530
1430760
1431170
1431250
1431290
1431540
1431550
1431780
1431850
1431900
1431930
1432310
1432340
1432360
1432390
1432410
1432460
1432680
1432850
1433110
1433460
1433480
1433490
1433570
1434010
1434050
1434250
1434260
1434300
1434890
1434940
1435440
1435590
1435750
1435790
1436590
1436810
1437120
1437580
1437760
1438190
1438450
1438480
1438830
1439310
1439320
1439420
1439550
1440330
1440350
1441400
1441430
1441530
1441770
1442090
1442480
1442610
1443120
1443470
1443500
1443700
1443810
1443850
1444080
1444190
1444580
1444840
1444980
1445190
1445480
1445650
1445740
1445790
1445850
1446090
1446310
1446370
1446480
1446560
1446780
1446930
1447260
1447290
1447700
1448000
1448220
1449070
1449180
1449570
1449670
1449780
1449980
1450070
1450100
1450240
1450250
1450650
1450790
1451030
1451150
1451430
1451470
1451920
1451990
1452500
1452540
1453030
1453920
1453950
1454000
1454130
1454640
1454960
1455000
1455020
1455070
1455130
1455200
1455510
1455900
1456000
1456250
1456340
1456570
1456770
1457030
1457130
1457220
1457940
1459010
1459890
1460080
1460440
1460950
1461110
1461150
1461370
1461910
1462120
1462490
1462540
1462700
1462760
1462990
1463360
1464290
1464550
1464650
1464700
1465300
1465900
1466060
1466520
1466580
1466840
1466870
1467330
1468190
1468820
1469170
1469450
1469610
1469920
1470320
1470420
1470670
1470880
1471270
1472970
1473060
1473740
1473820
1474050
1474120
1474280
1474300
1474480
1474550
1474840
1474900
1475120
1475730
1476020
1476230
1476680
1477070
1477170
1477300
1477330
1477470
1477640
1477980
1478350
1478420
1478480
1478590
1478710
1478880
1479080
1479500
1479540
1479760
1479810
1479850
1479880
1479910
1480040
1480090
1480130
1480500
1481000
1481080
1481170
1481310
1481600
1481720
1481780
1481900
1482150
1482240
1482380
1482490
1482690
1482780
1482790
1482800
1483190
1483370
1483440
1483470
1483550
1483570
1484010
1484140
1484250
1484620
1484720
1484790
1484830
1484940
1484950
1485110
1485190
1485650
1486000
1486030
1486080
1486440
1486790
1486920
1487030
1487100
1487140
1487200
1487270
1487390
1487440
1488070
1488320
1488430
1488440
1488700
1489120
1489300
1489470
1489660
1489970
1490020
1490030
1490330
1490610
1490870
1490930
1490980
1491000
1491070
1491120
1491400
1491460
1491480
1491730
1491800
1491950
1492050
1492150
1492190
1492210
1492250
1492290
1492300
1492370
1492730
1492860
1493220
1493570
1493880
1493960
1494090
1494140
1494230
1494450
1494560
1494650
1494780
1494960
1495170
1495360
1495380
1495420
1495560
1495620
1496240
1496310
1496470
1497000
1497230
1497490
1497710
1498060
1498130
1498190
1498900
1499710
1499960
1500180
1500880
1501420
1501500
1501690
1501790
1502110
1502410
1502750
1503160
1503180
1503400
1503700
1503820
1503930
1504090
1504460
1505310
1505500
1505520
1505670
1505850
1505920
1506040
1506060
1506100
1506520
1506550
1506680
1506710
1506760
1506990
1507080
1507530
1507600
1507620
1507950
1508250
1508260
1508280
1508400
1509450
1509730
1509750
1509920
1510240
1510280
1510310
1510470
1511240
1511560
1511850
1513120
1513240
1513420
1513430
1513660
1513910
1513930
1514090
1514140
1514170
1514210
1514380
1514460
1514480
1515200
1515210
1515220
1515400
1515420
1515570
1515600
1515800
1515900
1516050
1516490
1516680
1516940
1517030
1517470
1517560
1517610
1517970
1518030
1518220
1518650
1518680
1519140
1519180
1519420
1519550
1519590
1519730
1520240
1520330
1520590
1520740
1521020
1521230
1521390
1521820
1521970
1522040
1522690
1522810
1522870
1522930
1523240
1523460
1523650
1523870
1523940
1523990
1525040
1525050
1525330
1525370
1525410
1525580
1525640
1525700
1525750
1526000
1526140
1526370
1526430
1526500
1526930
1527080
1528030
1528100
1528120
1528220
1528260
1528540
1528810
1528860
1528970
1529040
1529180
1529640
1529780
1529990
1530040
1530470
1530800
1530920
1531250
1531490
1531590
1531650
1532080
1532360
1532710
1533380
1533410
1533500
1533770
1533860
1534000
1534620
1534720
1534930
1534980
1535420
1535520
1535550
1535660
1535810
1536090
1536620
1536740
1537160
1537320
1537410
1537490
1537590
1537980
1538010
1538030
1538040
1538300
1538730
1538850
1539140
1539160
1539250
1539270
1539360
1539800
1539950
1540330
1540480
1540600
1541200
1541400
1541650
1542040
1542080
1542390
1542550
1542580
1543000
1543020
1543030
1543280
1543520
1543800
1544480
1544530
1544540
1544640
1544700
1544810
1545080
1545270
1545500
1545510
1545560
1545850
1545990
1546060
1546100
1546400
1546420
1546500
1546620
1546760
1546770
1546820
1546910
1547010
1547040
1547230
1547320
1547540
1547580
1547730
1548890
1549370
1549540
1549550
1549600
1550110
1550480
1550520
1550650
1550730
1550760
1550840
1550870
1551000
1551010
1551190
1552240
1552300
1552430
1552600
1552840
1552890
1553080
1553500
1553650
1553660
1554050
1554260
1554440
1554470
1554510
1554650
1555140
1555150
1555310
1555800
1555940
1556010
1556070
1556360
1556550
1556650
1556660
1556850
1556960
1557720
1557820
1558000
1558130
1558570
1558840
1559720
1559770
1559870
1559920
1560140
1560510
1560520
1560860
1561670
1561740
1561780
1561800
1561880
1561890
1561920
1561960
1562060
1562180
1562380
1562780
1562910
1563210
1563250
1563550
1563720
1563730
1563870
1563880
1564060
1564110
1564150
1564280
1564540
1564590
1564690
1564760
1565250
1565610
1565670
1565880
1566070
1566090
1566350
1566410
1566670
1566710
1566870
1566880
1567000
1567020
1567100
1567410
1567770
1567800
1567850
1567890
1568130
1568400
1568470
1568520
1568880
1569040
1569150
1569370
1569810
1570020
1570050
1570600
1571210
1571280
1571560
1571660
1571910
1571940
1572040
1572220
1572420
1572470
1573060
1573190
1573280
1573630
1573800
1574110
1574130
1574260
1574400
1574480
1574500
1574580
1574830
1575040
1575070
1575590
1575640
1575980
1576080
1576620
1576900
1577050
1577140
1577240
1577570
1577610
1577620
1577690
1577810
1577880
1578110
1578160
1578330
1578340
1578710
1578720
1578880
1578990
1579100
1579300
1579330
1579390
1579610
1579730
1579850
1580040
1580180
1580300
1580980
1581060
1581100
1581170
1581240
1581250
1581480
1581490
1581680
1581760
1581790
1581880
1582120
1582380
1582680
1582730
1583080
1583090
1583190
1583710
1584170
1584460
1584680
1584720
1584900
1584970
1585050
1585130
1585180
1585440
1585650
1585730
1586330
1586650
1586740
1586750
1586980
1586990
1587240
1587290
1587360
1587380
1587460
1587600
1587830
1587880
1587940
1588300
1588340
1588590
1588610
1588680
1588700
1588760
1588790
1588910
1589290
1589480
1589570
1589610
1589700
1590230
1591050
1591150
1591250
1591500
1591530
1591540
1591590
1591630
1591650
1591690
1592110
1592170
1592200
1592280
1592360
1592530
1592590
1592600
1592670
1592680
1592750
1593040
1593060
1593130
1593160
1593170
1593350
1593390
1593510
1593690
1593760
1593990
1594060
1594100
1594150
1594210
1594460
1594690
1594720
1594810
1594880
1595110
1595170
1595290
1595300
1595340
1595390
1595440
1595480
1595620
1595780
1595950
1596030
1596080
1596170
1596350
1596370
1596440
1597040
1597060
1597200
1597800
1597820
1597910
1598180
1598220
1598300
1598650
1598730
1599490
1599600
1599610
1599670
1599680
1599980
1600470
1601280
1601740
1602030
1602160
1602370
1602520
1602540
1602560
1602600
1602700
1602740
1602880
1602970
1602980
1603180
1603480
1603500
1603520
1603870
1604050
1604060
1604240
1604300
1604730
1604780
1605040
1605150
1605250
1605320
1605420
1605520
1605930
1606000
1606030
1606490
1606510
1606640
1607040
1607300
1607530
1607680
1607820
1608270
1608330
1608370
1608470
1608590
1608670
1608720
1608780
1609010
1609270
1609580
1609740
1610440
1610520
1611120
1611350
1611430
1612000
1612560
1612780
1612950
1613050
1613230
1613470
1613490
1613770
1614620
1614940
1615070
1615290
1615930
1616070
1616240
1616420
1616520
1617890
1618180
1618210
1618220
1618290
1618340
1618800
1619230
1619350
1619390
1619580
1619750
1619820
1619870
1619970
1620340
1620490
1620600
1621210
1621390
1621420
1621540
1621930
1621980
1622010
1622040
1622110
1622130
1622310
1622350
1622410
1622470
1622570
1622610
1622770
1623210
1623520
1623940
1624130
1624160
1624170
1624190
1624320
1624840
1625190
1625230
1625460
1625510
1625930
1625950
1626100
1626280
1626530
1626840
1626980
1627270
1627350
1627510
1628120
1628140
1628170
1628610
1629150
1629530
1629830
1629900
1630420
1630630
1630690
1630740
1630940
1631230
1631260
1631280
1631500
1631780
1631790
1631900
1632100
1632170
1632300
1632530
1632630
1632800
1632960
1633080
1633370
1633640
1633750
1633860
1634070
1634130
1634150
1634270
1634360
1634410
1634430
1634680
1634860
1634900
1634980
1634990
1635500
1635640
1635650
1635700
1635790
1636070
1636170
1636570
1636620
1636680
1636700
1636710
1636730
1636930
1637030
1637160
1637370
1637400
1637560
1637630
1637730
1638210
1638390
1638440
1638450
1638690
1638880
1638970
1639480
1639710
1640150
1640300
1640320
1640370
1640400
1640820
1640990
1641250
1641700
1641770
1641820
1641890
1642010
1642400
1642440
1642630
1642640
1642690
1643100
1643180
1643560
1643850
1644150
1644330
1644430
1644500
1644560
1644940
1645050
1645120
1645560
1645620
1645660
1645700
1645780
1646290
1646580
1646730
1646790
1646810
1647310
1647390
1647420
1647450
1647740
1647860
1648190
1648700
1648990
1649130
1649740
1650150
1650370
1650570
1650590
1650670
1651030
1651390
1651490
1651680
1652250
1652460
1652580
1652670
1653080
1653100
1653260
1653310
1653320
1654150
1654170
1654230
1654310
1654520
1654890
1654920
1655440
1655920
1655940
1656680
1656950
1657100
1657150
1658010
1658210
1658540
1658700
1659040
1659080
1659150
1659180
1659190
1659200
1659210
1659520
1659530
1659710
1659760
1659810
1660230
1660680
1660850
1660960
1660990
1661360
1661480
1661610
1661900
1662010
1662090
1662210
1662270
1662510
1662750
1662790
1663000
1663220
1663320
1663410
1663640
1663950
1663970
1663990
1664220
1664240
1664390
1664410
1665190
1665200
1665260
1665500
1665780
1666090
1666150
1666240
1666480
1666640
1667120
1667180
1667360
1667530
1667550
1668270
1668290
1668350
1668460
1668480
1668690
1668960
1669180
1669330
1669590
1669790
1670080
1670830
1670980
1671210
1671310
1671480
1671570
1671580
1671590
1671610
1671720
1672310
1672610
1672670
1672790
1673070
1673190
1673560
1673880
1674030
1674120
1674620
1674900
1674920
1675040
1675610
1675620
1675760
1675830
1676050
1676130
1676260
1676380
1676610
1676860
1676910
1676970
1676990
1677010
1677020
1677310
1677590
1677650
1677720
1677770
1677900
1678020
1678040
1678320
1678340
1678570
1678650
1678880
1679220
1679490
1679510
1679930
1680020
1680370
1680380
1680680
1680780
1680880
1680890
1681320
1681600
1681720
1681760
1681810
1681840
1682060
1682260
1682320
1682340
1682400
1682470
1682690
1682750
1683270
1683450
1683560
1683620
1683690
1683750
1683960
1683990
1684110
1684130
1684350
1684460
1684930
1685510
1685630
1685730
1685960
1686130
1686280
1686490
1686640
1686800
1686940
1687080
1687130
1687210
1687300
1687470
1687530
1688100
1688160
1688730
1689010
1689080
1689220
1689250
1689410
1689530
1689640
1690190
1690200
1690440
1690880
1691020
1691040
1691320
1691600
1691620
1692080
1692340
1692400
1692550
1693070
1693090
1693280
1693290
1693300
1693570
1693600
1693610
1693620
1693710
1693850
1693960
1693970
1694150
1694170
1694260
1694380
1694430
1694610
1694880
1694920
1695260
1695610
1695620
1696030
1696080
1696090
1696200
1696550
1696630
1696720
1696770
1697700
1697770
1697790
1697850
1698140
1698440
1698530
1698630
1698810
1698930
1698990
1699260
1699280
1699460
1699480
1699900
1700080
1700110
1700270
1700870
1700930
1701140
1701160
1701470
1701560
1701800
1701820
1701830
1701890
1702170
1702210
1702260
1702680
1703500
1703740
1704120
1704260
1704730
1705140
1705420
1705620
1706130
1706150
1706210
1706360
1706540
1706740
1706850
1706920
1706960
1707170
1707260
1707450
1707590
1707630
1707640
1707720
1707740
1707850
1707970
1708050
1708110
1708200
1708400
1708730
1708750
1708770
1708990
1709190
1709280
1709350
1709520
1709540
1709730
1709780
1709840
1710100
1710110
1710220
1710260
1710540
1710760
1711310
1711520
1711790
1711990
1712110
1712270
1712370
1712530
1712580
1712700
1712890
1713080
1713130
1713220
1713340
1713400
1713770
1713810
1714050
1714400
1714420
1714550
1715030
1715190
1715280
1715350
1715390
1715490
1715510
1715550
1715590
1715800
1715860
1715980
1716310
1716330
1716500
1716760
1716810
1716820
1716870
1716890
1717090
1717130
1717160
1717180
1717190
1717640
1717880
1718160
1718290
1718340
1718380
1718570
1718660
1718910
1719240
1719310
1719460
1719490
1719510
1719550
1719990
1720020
1720090
1720120
1720390
1720790
1721010
1721180
1721240
1721680
1721800
1721820
1722110
1722120
1722290
1722410
1722590
1722700
1722790
1722940
1723100
1723260
1723530
1723540
1723560
1723570
1723610
1723700
1724140
1724160
1724300
1724460
1724510
1724600
1724770
1724890
1725910
1726050
1726290
1726370
1726390
1726720
1727130
1727180
1727210
1727350
1727420
1727440
1727740
1727900
1728290
1728390
1728610
1728660
1728680
1728690
1728700
1728830
1729140
1729170
1729190
1729380
1729410
1729570
1729660
1729730
1729740
1729830
1730000
1730190
1730240
1730390
1730500
1730520
1730540
1730630
1730790
1731080
1731090
1731190
1731230
1731340
1731630
1731930
1732090
1732120
1732220
1732310
1732660
1733050
1733080
1733250
1733840
1734070
1734130
1734370
1734470
1734820
1735010
1735030
1735080
1735880
1736290
1736460
1736560
1736850
1737220
1737400
1737460
1737510
1738160
1738540
1739070
1739160
1739420
1739620
1739850
1739930
1739960
1740530
1740670
1740930
1741200
1741640
1742010
1742360
1742440
1742600
1742700
1742730
1742740
1742750
1742930
1743070
1743080
1743230
1743380
1743430
1743570
1743930
1743940
1744610
1744750
1744760
1744820
1745020
1745170
1745190
1745360
1745370
1745520
1745700
1745810
1746030
1746340
1746520
1746560
1746590
1746980
1747190
1747510
1747560
1747790
1748160
1748170
1748280
1748290
1748300
1748330
1748600
1748650
1749010
1749140
1749400
1749440
1749480
1749770
1749900
1750010
1750210
1750440
1750710
1751110
1751270
1751310
1751500
1751680
1751700
1751950
1751970
1752030
1752060
1752090
1752540
1752660
1753030
1753250
1753270
1753370
1753730
1754250
1755030
1755610
1755750
1755830
1756140
1756550
1756730
1757060
1757450
1758250
1758340
1758530
1758640
1759010
1759070
1759400
1759710
1759720
1759870
1760040
1760130
1760270
1760330
1760580
1760640
1761250
1761290
1761480
1761730
1761870
1762240
1762550
1763030
1763060
1763180
1763350
1763570
1763990
1764220
1764270
1764400
1764840
1765000
1765250
1765350
1765670
1765780
1766080
1766100
1766210
1766240
1766340
1766720
1767010
1767150
1767170
1767250
1767730
1768090
1768200
1768470
1768920
1769130
1769260
1769270
1769320
1769360
1769770
1769870
1770050
1770070
1770120
1770190
1770230
1770600
1771110
1771130
1771360
1771440
1771610
1771880
1771980
1772050
1772060
1772530
1772920
1773160
1773710
1773740
1774060
1774090
1774630
1774860
1774930
1774940
1775320
1775350
1775430
1775500
1775510
1775520
1775720
1775860
1776200
1776700
1776840
1776860
1776920
1777320
1777430
1777980
1778490
1778520
1778620
1778870
1779030
1779070
1779080
1779120
1779240
1779730
1779950
1780090
1780150
1780550
1781030
1781110
1781170
1781260
1781380
1781720
1781730
1781760
1781920
1781960
1782010
1782420
1782480
1782610
1782860
1783130
1783360
1783800
1784580
1784650
1784780
1785190
1785230
1785300
1785420
1785450
1785520
1785630
1785940
1786010
1786150
1786230
1786330
1786500
1786680
1786720
1786780
1786810
1786910
1787040
1787120
1787210
1787360
1787400
1787450
1787500
1787840
1787900
1787920
1788390
1788740
1788750
1788780
1789050
1789100
1789170
1789310
1789370
1789490
1789500
1789600
1789620
1789650
1790250
1790350
1790610
1790710
1790880
1790890
1792270
1792770
1793090
1793360
1793420
1793440
1793800
1793810
1793890
1793920
1794000
1794300
1794430
1794640
1794750
1795010
1795510
1795570
1795710
1795780
1795820
1796040
1796070
1796220
1796580
1796640
1796970
1797480
1797490
1797500
1797510
1797680
1797710
1798740
1798750
1798950
1799520
1799560
1799730
1800010
1800230
1800390
1800480
1800940
1801410
1802610
1802670
1802880
1803090
1803210
1803550
1803560
1803590
1803600
1803640
1803700
1803760
1803820
1803850
1804070
1804270
1804470
1804610
1804890
1804980
1805170
1805200
1805480
1805530
1805790
1806480
1806540
1806630
1806960
1806970
1807200
1807220
1807360
1807700
1807950
1807980
1808140
1808200
1808320
1808380
1808440
1808460
1808540
1808620
1808900
1809090
1809420
1809540
1809890
1809960
1810200
1810270
1810320
1810620
1810670
1810960
1811330
1811390
1811490
1811740
1811910
1812170
1812200
1812210
1812250
1812370
1812560
1812640
1812960
1813120
1813610
1813820
1814030
1814230
1814380
1814540
1814690
1814700
1814890
1814930
1815200
1815230
1815290
1815530
1815600
1815690
1815750
1815800
1815820
1816050
1816770
1816950
1817130
1817240
1817500
1817720
1818000
1818080
1818220
1818480
1818610
1818690
1818780
1819160
1819610
1819890
1820270
1820350
1820460
1820470
1820480
1820570
1820700
1820720
1820790
1821220
1821540
1821850
1821970
1822060
1822240
1822540
1822580
1822660
1823100
1823430
1823700
1823830
1823930
1823950
1824120
1824540
1824580
1825250
1825290
1825510
1825930
1826000
1826020
1826120
1826200
1826770
1826830
1827200
1827260
1827450
1827650
1827730
1827970
1828040
1828180
1828280
1828310
1828450
1828490
1828650
1828700
1828800
1828950
1829070
1829140
1829170
1829260
1829270
1829310
1829420
1829520
1829700
1829740
1829850
1829960
1830040
1830100
1830180
1830290
1830430
1830530
1830770
1830970
1830980
1831020
1831100
1831150
1831290
1831340
1831380
1831400
1831540
1831740
1831800
1832000
1832030
1832110
1832380
1832620
1832780
1832950
1833570
1833890
1834010
1834120
1834200
1834570
1834640
1834700
1834930
1834950
1835260
1835330
1835360
1835570
1836150
1836350
1836380
1836690
1836730
1836740
1836880
1836920
1836940
1837160
1837250
1837400
1837580
1837650
1837690
1837810
1838120
1838130
1838240
1838290
1838300
1838480
1838820
1838830
1839090
1839320
1839810
1839860
1839900
1840360
1840570
1840610
1840730
1840820
1840850
1840860
1840870
1841150
1841190
1841200
1841240
1841380
1841830
1842050
1842140
1842300
1842350
1842640
1842730
1842940
1843110
1843470
1843790
1843860
1844120
1844230
1844400
1844790
1844990
1845670
1845720
1845740
1846660
1846710
1846970
1847380
1847510
1847930
1848070
1848270
1848330
1848440
1848450
1848490
1848540
1848580
1848640
1848720
1848780
1848860
1848930
1849260
1849740
1849760
1851470
1851560
1851610
1851720
1851840
1852000
1852090
1852150
1853140
1853510
1853660
1853760
1853830
1853890
1854080
1854180
1854870
1855130
1855160
1855200
1856000
1856090
1856120
1856130
1856170
1856190
1856210
1856270
1856830
1856840
1856880
1856910
1857210
1857520
1857650
1857660
1857680
1857690
1857840
1857950
1857980
1858120
1858200
1858620
1858740
1858760
1858810
1859270
1859390
1859620
1859720
1859910
1859970
1860260
1860280
1860320
1860410
1860560
1860600
1860700
1860870
1860960
1861090
1861290
1861530
1861700
1861830
1862390
1862600
1862730
1863010
1863170
1863290
1863300
1863770
1863830
1864690
1864720
1864770
1864830
1864950
1865060
1865170
1865280
1865930
1866610
1866630
1866700
1866920
1866980
1867290
1867830
1868050
1868070
1868080
1868750
1868820
1869250
1869270
1869490
1869560
1869570
1869580
1869600
1870220
1870400
1870660
1870700
1870790
1870800
1870970
1871310
1871600
1871610
1871650
1871700
1871790
1871940
1872060
1872270
1872680
1872780
1873440
1873540
1873570
1873720
1873870
1874090
1874190
1874260
1874620
1874630
1875060
1875370
1876240
1876350
1876530
1876590
1876670
1876880
1876930
1876950
1877300
1877350
1877440
1877850
1877970
1878010
1878110
1878290
1878350
1878490
1879040
1879400
1879520
1879640
1879860
1879950
1880080
1880150
1880310
1880330
1880360
1880630
1880720
1880840
1881160
1881240
1881280
1881420
1881950
1882230
1882500
1882690
1883000
1883220
1883370
1884020
1884510
1884640
1884850
1885080
1885110
1885250
1885500
1885660
1885720
1885750
1885930
1886010
1886210
1886960
1887340
1887360
1887400
1887440
1887910
1888070
1888100
1888120
1888200
1888270
1888560
1888690
1888880
1889010
1889120
1889370
1889740
1889880
1889890
1890270
1890510
1890750
1890910
1890950
1891250
1891510
1891580
1891600
1892210
1892460
1892630
1892750
1892950
1893100
1893440
1893620
1893880
1893910
1894320
1894600
1894700
1894720
1894860
1894910
1894920
1895280
1895350
1895970
1896330
1896550
1896700
1896760
1896810
1897010
1897100
1897250
1897420
1897650
1897740
1897860
1898120
1898290
1898500
1898590
1898610
1898790
1898910
1899060
1899270
1899350
1899550
1899570
1900230
1900330
1901860
1901990
1902300
1902830
1903290
1903560
1903580
1903670
1903730
1903910
1903970
1903990
1904380
1904540
1904730
1904790
1904860
1905150
1905450
1905980
1906020
1906430
1906470
1906800
1906830
1906930
1907290
1907400
1907430
1907800
1907810
1907820
1908080
1908260
1908330
1908350
1908770
1908900
1909080
1909100
1909740
1909750
1910000
1910180
1910360
1910490
1910590
1910630
1910790
1910860
1910910
1911200
1911580
1911650
1911960
1912560
1913140
1913200
1913420
1913530
1913900
1914530
1914940
1914980
1915450
1915780
1916090
1916560
1916660
1916690
1916710
1916740
1916890
1916900
1917230
1917550
1917810
1917820
1917830
1917950
1918110
1918130
1918270
1918320
1918350
1918440
1918640
1918690
1918710
1918850
1919270
1919570
1919600
1919770
1919900
1920100
1920120
1920320
1920430
1920650
1920710
1920840
1921200
1921240
1921330
1921470
1921520
1921840
1921980
1922180
1922610
1922730
1922740
1922800
1922940
1923380
1923500
1923850
1923900
1923960
1924360
1924390
1924520
1925050
1925660
1925850
1925860
1926390
1926440
1926500
1926510
1926550
1926560
1926650
1926720
1926940
1927100
1927360
1927570
1927820
1928080
1928380
1928540
1928590
1928690
1929170
1929290
1929350
1929460
1929500
1929610
1929720
1929760
1930310
1930350
1930420
1930770
1930830
1931010
1931020
1931370
1931470
1931600
1931770
1931940
1932190
1932260
1932360
1932430
1932590
1932700
1932810
1933000
1933070
1933090
1933180
1933190
1933730
1933960
1934020
1934440
1934540
1934620
1935340
1935400
1935470
1936080
1936640
1936710
1936790
1936860
1936900
1936990
1937360
1937500
1937720
1937750
1937880
1938160
1938360
1938560
1938580
1939130
1939200
1939220
1939340
1939700
1939770
1939810
1940090
1940180
1940200
1940380
1941100
1941220
1941370
1941410
1941420
1941550
1941640
1941870
1941890
1942000
1942010
1942110
1943020
1943400
1943420
1943740
1943780
1944040
1944140
1944570
1944630
1944960
1945250
1945260
1945700
1945750
1945770
1945880
1946070
1946170
1946310
1946380
1946490
1946930
1947160
1947240
1947730
1947810
1948150
1948400
1948490
1948540
1948680
1949010
1949370
1949420
1949600
1949840
1950200
1950230
1950300
1950310
1950450
1950570
1950590
1950770
1951060
1951350
1951420
1951520
1951560
1951650
1951800
1951910
1952210
1952270
1952340
1952370
1952550
1952670
1952740
1952860
1952930
1953100
1953380
1953530
1953550
1953600
1953630
1953670
1953770
1953800
1954100
1954440
1954640
1954680
1955110
1955420
1955520
1955640
1955750
1955830
1956260
1956310
1956350
1956770
1956790
1956800
1956840
1956930
1956960
1957010
1957300
1957430
1957590
1957890
1958020
1958340
1958750
1958950
1959530
1959940
1960070
1960110
1960190
1960270
1960330
1960800
1960880
1960900
1960920
1961030
1961060
1961250
1961260
1961310
1961330
1961500
1961600
1961810
1962030
1962130
1962490
1962520
1962560
1962760
1962850
1962890
1963130
1963190
1963520
1963610
1963780
1964080
1964330
1964560
1964630
1964770
1964820
1964970
1965070
1965190
1965320
1965370
1965430
1965440
1965470
1965550
1965560
1965680
1965760
1965800
1966080
1966330
1966400
1967030
1967340
1967390
1967400
1967430
1967470
1967480
1967530
1967980
1968210
1968290
1968320
1968430
1968640
1968720
1968810
1968830
1969010
1969170
1969260
1969490
1969530
1969570
1969910
1969920
1970030
1970050
1970220
1970400
1970460
1970580
1970720
1970840
1971310
1971470
1971520
1971570
1971650
1971750
1971790
1971830
1971910
1971980
1972050
1972090
1972200
1972300
1972440
1972470
1972640
1972670
1972990
1973310
1973490
1973600
1973610
1973640
1973990
1974040
1974070
1974230
1974410
1974540
1974550
1975040
1975080
1975100
1975350
1975380
1975470
1975530
1975550
1975570
1975580
1975660
1975790
1976100
1976660
1976690
1976860
1977000
1977070
1977090
1977270
1977450
1977660
1977770
1977840
1977960
1978330
1978590
1978970
1979200
1979320
1979340
1979350
1979430
1979470
1979500
1980350
1980590
1980620
1981000
1981020
1981250
1981570
1981690
1981700
1981910
1982310
1982410
1982790
1982900
1982940
1983300
1983620
1983640
1983780
1984190
1984200
1984210
1984260
1984790
1984800
1985290
1985300
1985420
1985510
1985620
1985680
1985740
1986400
1986630
1987470
1987480
1987550
1987690
1987730
1987950
1988330
1988390
1989310
1989320
1989500
1989770
1989960
1990490
1990540
1991060
1991300
1991350
1991600
1991820
1991870
1991910
1992020
1992640
1992700
1992860
1992930
1993410
1993450
1993830
1993900
1994040
1994050
1994670
1994700
1994740
1995330
1995420
1995530
1995870
1995880
1996010
1996100
1996300
1996360
1996430
1996470
1996550
1996600
1996750
1996880
1997270
1997300
1997420
1997440
1997460
1998310
1998330
1998530
1998540
1998710
1999140
1999290
1999520
1999630
1999830
2000040
2000050
2000090
2000210
2000260
2000270
2000300
2000780
2000970
2001360
2002200
2002270
2002310
2002430
2002520
2003150
2003220
2003300
2003470
2003490
2003640
2003690
2003870
2003970
2004610
2004960
2005240
2005430
2005900
2005910
2006140
2006180
2006190
2006200
2006520
2007240
2007460
2007770
2007790
2007920
2008120
2008220
2008270
2008510
2008530
2008670
2008990
2009100
2009500
2009620
2009860
2009950
2010010
2010030
2010200
2010320
2010510
2010660
2010710
2011210
2011240
2011410
2011460
2011730
2011780
2012290
2012440
2012670
2012890
2012910
2012990
2013040
2013080
2013580
2013720
2013730
2014220
2014380
2014420
2014470
2014650
2014930
2014940
2014980
2015440
2015940
2016110
2016190
2016220
2016820
2016900
2016980
2017040
2017120
2017540
2017590
2017620
2017840
2018020
2018230
2018310
2018610
2018790
2019010
2019340
2019470
2019810
2019980
2020180
2020330
2020460
2020710
2020860
2021300
2021600
2021950
2022030
2022070
2022120
2022140
2022620
2022850
2023150
2023380
2023530
2023810
2023990
2024820
2024950
2024990
2025320
2025490
2025610
2025700
2025710
2025820
2025840
2025910
2026000
2026230
2026250
2026330
2026450
2026720
2027030
2027380
2027600
2027760
2027810
2027850
2027960
2050070
2050310
2050650
2050800
2052150
2052160
2052660
2052770
2052780
2053060
2053360
2053590
2053650
2053920
2054180
2054220
2054770
2054820
2054850
2055050
2055060
2055360
2055410
2055600
2055650
2055730
2056090
2056210
2056340
2056510
2056700
2056890
2056910
2056990
2057360
2057500
2057550
2057610
2057840
2057850
2057970
2058070
2058090
2058510
2058670
2058960
2059200
2059330
2059480
2059490
2059600
2060110
2060150
2060170
2060230
2060470
2060500
2060590
2060750
2061020
2061230
2061620
2061780
2062100
2062190
2062210
2062380
2062390
2062710
2062770
2063060
2063120
2063130
2063510
2063990
2064180
2064230
2064250
2064490
2064700
2064820
2064830
2064870
2065280
2065490
2065820
2066220
2067020
2067070
2067160
2067280
2067330
2067460
2067470
2067570
2067610
2067670
2067680
2067920
2068050
2068400
2068410
2068480
2068690
2068890
2068970
2069020
2069170
2069260
2069680
2069920
2069940
2070170
2070220
2070410
2070640
2070860
2071100
2071120
2071200
2071430
2071500
2072030
2072160
2072540
2072660
2072730
2072980
2073030
2073090
2073280
2073320
2073330
2073450
2073530
2073540
2073590
2073880
2073910
2074000
2074360
2074370
2074400
2074440
2074540
2074890
2075110
2075750
2075820
2076070
2076100
2076140
2076290
2076450
2076670
2076920
2077080
2077700
2077720
2077940
2077990
2078320
2078370
2078410
2078510
2078970
2079130
2079150
2079290
2079410
2079480
2079580
2079610
2079920
2079950
2079960
2080020
2080140
2080450
2080700
2080890
2080900
2081080
2081180
2081340
2081630
2081730
2081760
2081790
2081800
2082320
2082420
2082580
2082700
2082790
2082960
2083000
2083140
2083320
2083330
2083540
2083600
2083630
2083650
2083870
2083910
2083940
2083960
2084000
2084180
2084190
2084220
2084240
2084300
2084930
2085140
2085290
2085390
2085540
2085640
2085890
2085980
2086060
2086150
2086270
2086390
2086430
2086540
2086690
2086740
2086840
2086910
2087150
2087880
2087910
2088030
2088280
2088730
2088770
2088840
2089070
2089480
2089500
2089630
2089770
2089780
2089830
2089920
2089930
2090310
2090600
2090650
2090700
2091030
2091150
2091520
2091540
2091700
2091740
2091880
2091920
2092000
2092090
2092660
2092670
2092730
2092970
2093000
2093020
2093070
2093520
2093540
2093610
2093630
2093860
2093910
2093920
2093960
2093970
2094070
2094190
2094320
2094370
2094540
2094580
2094610
2094620
2094660
2094930
2094950
2095130
2095170
2095480
2095510
2095840
2095960
2096510
2096540
2096560
2096710
2096720
2096730
2096780
2096860
2097030
2097090
2097170
2097570
2097840
2097880
2098090
2098160
2098600
2098920
2099090
2099140
2099150
2099880
2100050
2100100
2100150
2100170
2100270
2100360
2100460
2100650
2101130
2101250
2101390
2101420
2101480
2101610
2101620
2101680
2101690
2101760
2102070
2102300
2102680
2102700
2102750
2102870
2102940
2102980
2103000
2103140
2103340
2103440
2103510
2103620
2103940
2103950
2103960
2104440
2104460
2105080
2105260
2105440
2105750
2105840
2105910
2106170
2106280
2106560
2106590
2106960
2107180
2107480
2107520
2107550
2108060
2108270
2108310
2108400
2108610
2108640
2108750
2108950
2109060
2109390
2109420
2109510
2109570
2109660
2109830
2109870
2110610
2110840
2111200
2111370
2111590
2111990
2112040
2112740
2112750
2112810
2113030
2113040
2113110
2113200
2113250
2113270
2113420
2113530
2113600
2113810
2113850
2113940
2113960
2114070
2114170
2114330
2114380
2114480
2114640
2114690
2114770
2114790
2114920
2114970
2115080
2115130
2115210
2115310
2115380
2115530
2115680
2115860
2115890
2115930
2116060
2116280
2116290
2116590
2116800
2117320
2117400
2118060
2118260
2118380
2118420
2118810
2119470
2119580
2119850
2120110
2120250
2120300
2120310
2120320
2120640
2120820
2121180
2121450
2121510
2121530
2121570
2121790
2122000
2122090
2122860
2123070
2123100
2123330
2123380
2123390
2123430
2123510
2123850
2124100
2124210
2124240
2125370
2125540
2125820
2125870
2126090
2126400
2127010
2127230
2127700
2127830
2127920
2128070
2128270
2128480
2128560
2128580
2128590
2128680
2128810
2129030
2129090
2129160
2129220
2129380
2129390
2129680
2129850
2130010
2130030
2130060
2130440
2130750
2131020
2131150
2131180
2131330
2131460
2131660
2132080
2132270
2132380
2132410
2132450
2132840
2132850
2133450
2133830
2134100
2134530
2134690
2134850
2134860
2134970
2134980
2135380
2135650
2135680
2135830
2135850
2135860
2135920
2135960
2135970
2136180
2136700
2136770
2136890
2136910
2136990
2137190
2137300
2137350
2137460
2137880
2137900
2137920
2138180
2138410
2138910
2139330
2139440
2139500
2139800
2139840
2139850
2140080
2140150
2140180
2140540
2140980
2141040
2141140
2141250
2141490
2141740
2141810
2142390
2142490
2142540
2142710
2142820
2142890
2142930
2143050
2143190
2143420
2143760
2144180
2144410
2144830
2144870
2144910
2145030
2145100
2145220
2145280
2145320
2145530
2145640
2146180
2146280
2146500
2146560
2146720
2146970
2147200
2147290
2147330
2147670
2148070
2148110
2148120
2148510
2149270
2149330
2149370
2149560
2149610
2149870
2150060
2150120
2150530
2150760
2150800
2150820
2150910
2150940
2150950
2151430
2151450
2151770
2151850
2152580
2152810
2153040
2153320
2153430
2153590
2153630
2153750
2153850
2153900
2153920
2153950
2154240
2154430
2154660
2154790
2154830
2155280
2155350
2155370
2155460
2155710
2156150
2156290
2156330
2156830
2157060
2157210
2157500
2157760
2157920
2157980
2158050
2158220
2158650
2158710
2158750
2159040
2159500
2159650
2159670
2159680
2159730
2159960
2159980
2160240
2160250
2160710
2160810
2161440
2161450
2161960
2162160
2162220
2162680
2162900
2163030
2163160
2163230
2163250
2163270
2163320
2163330
2163500
2163690
2164050
2164060
2164200
2164310
2164370
2164500
2164660
2165130
2165280
2165470
2165530
2165560
2165620
2165840
2166050
2166060
2166150
2166510
2166690
2166710
2166890
2166920
2166950
2167130
2167190
2167210
2167380
2167530
2167550
2167600
2167980
2168070
2168120
2168330
2168650
2169120
2169260
2169270
2170100
2170410
2170520
2171060
2171270
2171550
2171630
2171640
2171680
2171700
2171750
2172180
2172350
2172370
2172410
2172490
2172610
2172800
2172900
2172970
2173270
2173300
2173520
2173680
2173850
2174440
2174720
2174750
2174780
2174850
2175090
2175450
2175740
2176160
2176400
2176460
2176510
2176580
2176710
2176850
2176880
2177010
2177150
2177170
2178160
2178190
2178470
2178560
2178790
2178920
2179100
2179170
2179390
2179560
2179860
2179940
2180000
2180210
2180340
2180350
2181220
2181380
2181710
2181840
2181950
2182190
2182200
2182590
2182640
2182990
2183100
2183110
2183430
2183740
2183890
2184010
2184090
2184220
2184280
2184430
2184470
2184480
2184650
2184770
2184920
2185180
2185240
2185280
2185510
2185970
2185990
2186270
2186360
2186380
2186510
2186660
2186690
2186740
2187320
2187610
2187730
2187920
2188030
2189200
2189580
2189850
2190260
2190290
2190400
2190680
2190960
2191080
2191140
2191190
2191220
2191230
2191310
2191370
2191570
2191680
2191710
2191920
2192080
2192270
2192460
2192620
2192700
2192760
2192761
2192770
2192780
2192900
2192920
2192990
2193050
2193110
2193120
2193130
2193570
2193720
2193900
2194190
2194340
2194730
2194790
2194840
2194980
2195160
2195200
2195410
2195650
2195960
2196110
2196190
2196280
2196410
2196740
2196750
2196790
2196810
2196850
2197140
2197170
2197240
2197550
2197650
2197750
2197930
2197990
2198170
2198220
2198250
2198370
2198390
2198430
2198590
2198730
2198790
2198890
2199060
2199180
2199330
2199750
2199780
2199830
2199980
2200330
2200340
2200380
2200410
2200590
2200930
2201660
2201810
2201830
2201910
2201940
2202070
2202200
2202320
2202380
2202400
2202770
2202850
2202950
2203040
2203320
2203370
2203550
2203830
2204210
2204260
2204350
2204540
2204620
2204730
2204900
2204910
2204920
2205000
2205100
2205150
2205230
2205320
2205420
2205520
2205600
2205610
2205630
2205960
2206000
2206130
2206240
2206380
2206400
2206730
2207030
2207260
2207440
2207470
2207490
2207500
2207760
2207970
2208040
2208220
2208280
2208300
2208480
2209080
2209890
2209900
2210000
2210050
2210060
2210240
2210500
2210700
2210920
2211400
2211410
2211790
2211800
2211940
2212050
2212110
2212500
2212680
2212790
2212850
2213070
2213120
2213290
2213450
2213490
2213660
2213890
2214180
2214530
2214650
2214880
2214970
2215280
2215290
2215340
2215540
2216160
2216190
2216430
2216510
2216670
2216770
2216840
2216860
2217530
2218120
2218190
2218400
2218620
2219050
2219150
2219190
2219450
2219670
2219730
2219890
2220100
2220420
2220480
2220690
2220850
2220970
2221150
2221390
2221440
2221780
2222250
2222680
2222690
2222920
2222930
2222950
2223020
2223270
2223350
2223420
2223450
2223570
2223760
2223930
2224030
2224160
2224430
2224440
2224760
2225010
2225020
2225370
2225430
2225600
2226110
2226210
2226730
2226980
2227030
2227040
2227170
2227410
2227810
2227900
2228000
2228010
2228030
2228120
2228210
2228430
2228900
2229320
2229420
2229500
2229590
2229900
2229930
2230060
2230180
2230650
2231070
2231170
2231230
2231460
2231680
2231800
2232240
2232650
2232830
2233370
2233560
2233660
2234200
2234500
2234630
2234690
2234740
2234960
2235430
2235670
2236240
2236490
2237070
2237870
2237920
2237970
2238010
2238270
2238360
2238630
2238660
2238690
2238850
2238900
2239110
2239360
2239470
2239540
2239800
2239960
2240080
2240480
2240720
2240790
2241220
2241440
2241520
2241590
2242000
2242110
2242270
2242440
2242840
2243250
2243380
2243470
2243570
2243700
2244030
2244130
2244150
2244160
2244400
2244970
2245040
2245180
2245310
2245320
2245370
2245420
2245450
2245460
2245620
2245980
2246010
2246030
2246070
2246390
2246470
2246510
2247540
2247620
2247700
2247760
2247970
2248180
2248280
2248390
2248400
2248430
2248740
2248890
2248900
2248920
2248960
2249040
2249250
2249440
2249530
2249870
2250080
2250170
2250180
2250330
2250960
2251010
2251310
2251340
2251430
2251580
2251670
2251840
2252290
2252570
2253130
2253200
2253300
2253340
2253650
2253970
2254300
2254310
2254670
2254710
2255150
2255210
2255440
2256290
2256370
2256450
2256830
2256920
2257100
2257290
2257560
2257790
2257830
2258040
2258130
2258170
2258480
2258790
2258840
2258890
2258950
2259190
2259230
2259260
2259300
2259320
2259700
2259990
2260170
2260550
2260630
2260850
2261100
2261150
2261280
2261310
2261330
2261350
2261440
2261550
2261720
2261750
2261900
2262110
2262220
2262550
2262560
2262600
2262880
2262930
2263000
2263160
2263220
2263490
2263980
2264140
2264290
2264950
2265160
2265310
2265420
2265520
2265950
2266260
2266360
2266640
2266740
2266780
2267070
2267140
2267230
2267340
2267410
2267600
2268250
2268560
2269300
2269490
2269590
2270120
2270290
2270360
2270460
2270720
2270750
2271120
2271200
2271270
2271360
2271500
2271520
2271740
2271930
2272140
2272290
2272520
2272560
2272720
2272850
2272860
2272880
2273060
2273220
2273420
2273850
2274010
2274150
2274190
2274500
2274810
2274970
2275220
2275780
2275920
2275980
2275990
2276040
2276110
2276180
2276260
2276810
2276840
2276930
2276960
2277090
2277110
2277370
2277870
2278160
2279160
2279260
2279490
2279570
2279600
2279610
2279700
2279930
2279960
2280060
2280150
2280260
2280360
2280490
2280970
2282050
2282600
2282890
2283470
2283660
2283710
2284200
2284520
2284800
2285000
2285180
2285270
2285390
2285410
2285430
2285750
2286250
2286390
2286450
2286580
2286990
2287130
2287190
2288190
2288690
2288880
2289210
2289270
2289550
2289630
2289650
2289740
2289750
2290190
2290270
2291160
2291680
2291740
2291850
2291880
2292060
2292080
2292390
2292410
2292440
2292520
2292540
2292580
2292610
2292630
2292710
2292770
2292790
2292960
2293130
2293190
2293200
2293210
2293540
2293640
2293860
2293880
2294020
2294130
2294160
2294290
2294430
2294450
2294550
2294670
2295070
2295280
2295410
2295570
2295930
2296080
2296500
2296790
2297210
2297240
2298180
2298460
2299400
2299510
2299520
2299650
2299660
2299750
2299950
2300100
2300210
2300300
2300690
2300860
2300930
2301000
2301100
2301560
2301900
2301940
2302150
2302320
2302960
2303130
2303180
2303320
2303500
2303550
2303620
2303850
2303950
2304290
2304470
2304580
2304590
2304620
2304770
2304780
2305100
2305380
2305420
2305490
2305990
2306030
2306100
2306780
2307780
2307840
2308000
2308400
2308630
2308660
2308810
2308890
2309400
2309900
2310160
2310200
2310260
2310440
2310590
2310730
2310810
2310880
2310940
2311060
2311150
2311220
2311230
2311680
2312340
2312450
2312560
2312770
2312950
2313000
2313010
2313180
2313220
2313570
2313600
2313700
2313720
2313740
2313850
2313870
2314230
2314440
2314630
2314820
2315020
2315430
2315570
2315900
2315970
2316640
2316680
2316690
2316710
2317120
2317550
2317880
2318480
2318630
2318800
2318860
2318950
2319770
2319790
2320080
2320400
2320460
2320560
2320770
2320860
2320880
2320890
2321240
2321250
2321630
2321690
2321790
2322180
2322370
2322420
2322600
2323080
2323120
2323150
2323240
2323440
2323650
2323660
2323810
2323860
2323900
2323980
2324150
2324260
2324390
2324470
2324520
2324550
2324670
2325040
2325090
2325200
2325290
2325770
2325860
2325880
2326050
2326210
2326670
2326730
2326780
2326800
2327140
2327250
2327610
2327780
2328180
2328280
2328380
2328640
2328710
2328770
2328990
2329050
2329160
2329300
2329560
2329800
2329880
2329910
2330040
2330310
2330360
2330380
2330440
2330510
2330640
2330810
2331060
2331070
2331080
2331180
2331220
2331330
2331490
2331980
2331990
2332120
2332390
2332500
2332540
2332550
2332600
2332930
2333240
2333390
2333760
2333790
2333930
2334030
2334040
2334080
2334130
2334280
2334500
2334520
2334760
2335220
2335350
2335370
2335550
2335620
2335640
2335960
2336120
2336200
2336220
2336330
2336520
2336690
2336730
2336760
2336840
2337180
2337610
2337640
2337770
2338010
2338020
2338040
2338090
2338180
2338200
2338210
2338240
2338260
2338490
2338500
2338620
2338630
2338910
2338990
2339040
2339330
2339340
2339460
2339480
2339590
2340440
2340460
2340510
2341030
2341330
2341430
2341560
2341610
2341710
2341800
2342180
2342190
2342210
2342260
2342720
2342870
2342880
2342920
2343370
2343780
2343820
2343880
2343900
2343920
2343930
2344060
2344410
2344450
2344550
2344880
2345220
2345340
2345380
2345440
2345490
2345870
2345930
2346410
2346440
2346930
2347290
2347550
2348000
2348030
2348090
2348260
2348330
2348400
2348650
2348700
2348730
2348820
2348830
2348870
2348880
2348920
2349000
2349250
2349320
2349400
2349420
2349940
2349990
2350460
2350630
2350880
2350990
2351100
2351160
2351640
2351700
2351820
2351860
2351890
2352000
2352010
2352060
2352190
2352350
2352400
2352410
2352420
2352480
2352520
2352670
2352710
2352740
2352820
2353100
2353320
2353420
2353640
2353880
2354050
2354120
2354200
2354330
2354390
2354560
2354770
2354830
2354920
2355070
2355130
2355150
2355270
2355350
2355650
2355660
2355740
2355830
2355910
2355930
2356330
2356450
2356470
2356640
2356850
2356910
2357100
2357290
2357770
2357850
2357910
2357970
2358240
2358320
2358420
2358790
2358880
2358910
2358980
2359280
2359640
2359760
2359810
2359860
2359880
2359940
2360040
2360090
2360130
2360970
2361160
2361500
2361530
2361560
2361610
2361680
2362490
2362580
2362590
2362630
2363000
2363120
2363680
2363780
2364940
2365060
2365410
2365440
2365470
2365600
2365840
2365920
2365980
2366060
2366290
2366430
2366690
2366970
2366980
2367190
2367480
2367690
2367710
2367840
2368070
2368350
2368490
2368530
2369130
2369170
2369390
2369430
2369590
2369610
2370140
2370560
2371040
2371160
2371240
2371310
2371350
2371710
2371890
2372060
2372150
2372250
2372330
2372350
2372450
2372560
2372580
2373000
2373290
2373550
2373890
2374000
2374030
2374290
2374320
2375290
2375450
2375780
2375990
2376020
2376250
2376270
2376380
2376720
2376750
2376760
2376870
2376990
2377160
2377230
2377260
2377610
2377660
2377930
2378370
2378380
2378400
2378410
2378910
2379010
2379060
2379230
2379390
2379460
2379520
2379580
2379590
2380090
2380310
2380320
2380560
2380710
2380810
2380820
2380940
2380990
2381040
2381230
2381430
2381630
2381740
2381770
2381810
2381870
2382240
2382380
2382450
2382520
2382630
2383760
2383880
2383960
2384050
2384680
2384710
2384920
2385240
2385690
2385910
2386800
2386920
2387130
2387450
2387460
2387740
2388110
2388440
2388500
2388880
2388900
2388970
2389030
2389040
2389170
2389290
2389490
2389570
2389610
2389810
2389830
2390230
2390500
2390530
2390670
2391050
2391100
2391180
2392000
2392160
2392230
2392330
2392740
2393050
2393370
2393510
2393770
2393870
2393880
2394300
2394330
2394410
2394430
2394440
2394650
2394690
2394910
2395530
2396330
2396340
2396400
2396900
2397140
2397230
2397300
2397370
2397400
2397600
2397690
2397770
2398140
2398360
2398480
2398940
2399060
2399160
2399170
2399370
2399730
2399810
2399860
2399930
2400340
2400420
2400510
2400590
2400700
2400770
2401080
2401090
2401220
2401410
2401910
2401950
2402170
2402450
2402460
2402530
2402590
2402630
2402950
2403040
2403120
2403160
2403610
2403730
2403880
2403940
2404110
2404370
2404430
2404510
2404920
2404960
2404970
2405060
2405400
2406030
2406110
2406630
2406750
2406830
2406880
2406930
2407090
2407160
2407370
2407470
2407550
2407710
2408080
2408280
2408680
2408750
2409000
2409010
2409110
2409270
2409360
2409670
2410030
2410130
2410320
2410610
2410810
2410850
2411100
2411390
2411430
2411640
2411880
2411920
2411960
2411980
2412110
2412190
2412280
2412310
2412700
2412970
2413050
2413220
2413330
2413580
2413620
2413640
2413940
2414020
2414600
2414630
2414750
2414790
2414900
2415010
2415050
2415470
2415530
2415950
2416190
2416290
2416350
2416380
2416650
2416760
2416940
2417100
2417270
2417430
2417630
2417730
2417850
2417900
2418740
2418930
2419020
2419200
2419290
2419300
2419500
2419640
2419690
2419720
2419730
2419740
2419800
2419900
2420100
2420350
2420460
2420540
2420860
2420880
2420930
2421020
2421080
2421240
2421300
2421410
2421440
2421640
2421690
2421850
2421880
2422310
2422360
2422590
2422770
2422910
2422990
2423070
2423100
2423670
2424310
2424630
2424910
2425090
2425110
2425320
2425380
2425570
2425680
2425720
2425920
2426100
2426250
2426370
2426460
2426520
2426660
2427130
2427230
2427700
2427820
2427950
2427960
2428230
2428260
2428750
2428840
2429230
2429240
2429310
2429410
2429620
2430110
2430320
2430500
2430660
2430680
2430980
2431140
2431410
2431510
2431600
2431840
2431850
2431920
2431940
2432090
2432190
2432310
2432630
2432670
2432900
2433150
2433810
2434110
2434400
2434590
2434810
2434860
2435710
2435800
2435810
2435920
2436190
2436790
2437110
2437330
2437550
2437950
2438090
2438180
2438190
2438200
2438220
2438260
2438270
2438290
2438330
2438440
2438590
2438630
2438790
2440010
2440030
2440380
2440500
2440620
2440650
2440890
2440950
2441180
2441270
2441310
2441630
2442060
2442100
2442820
2443090
2443190
2443300
2443360
2443370
2443500
2443700
2443960
2443990
2444210
2444250
2444290
2444420
2444480
2444700
2444850
2444970
2445090
2445160
2445200
2445350
2445580
2445590
2445700
2445870
2445990
2446170
2446480
2446590
2446620
2446740
2446890
2446920
2447010
2447120
2447150
2447240
2447260
2447290
2447480
2447530
2447730
2447750
2448030
2448420
2448460
2448620
2448830
2448880
2449050
2449080
2449130
2449160
2449180
2449490
2449630
2449710
2450080
2450100
2450380
2450400
2450840
2450890
2450950
2451060
2451310
2451340
2451460
2451750
2452370
2452590
2452800
2452820
2452920
2452930
2452940
2453060
2453360
2453400
2453430
2453570
2453610
2453640
2453690
2453700
2453780
2453830
2454110
2454140
2454170
2454210
2454350
2454420
2454430
2454570
2454830
2454890
2455340
2455740
2455900
2455920
2456070
2456080
2456090
2456160
2456240
2456260
2456350
2456500
2456980
2457200
2457210
2457310
2457430
2457500
2457960
2458060
2458300
2458370
2458410
2458430
2458780
2458840
2458920
2458940
2459180
2459350
2459490
2459550
2459560
2459620
2459850
2459890
2460070
2460260
2460270
2460450
2460460
2460520
2460640
2460900
2460940
2460980
2461080
2461130
2461260
2461400
2461570
2461840
2461990
2462000
2462090
2462100
2462320
2462810
2462840
2463040
2463480
2463570
2463610
2464270
2464750
2464770
2464800
2464880
2465310
2465490
2465930
2466820
2467310
2467370
2467890
2467950
2468060
2468110
2468250
2468470
2468630
2468670
2468680
2469050
2469130
2469190
2469320
2469360
2469570
2469590
2469950
2470030
2470130
2470160
2470270
2470350
2470630
2470800
2471020
2471090
2471350
2471380
2471490
2471650
2471660
2471690
2472260
2472300
2472470
2472550
2472760
2472830
2473340
2473640
2473650
2473720
2474030
2474280
2474290
2474670
2474790
2474850
2474880
2475010
2475440
2475610
2475890
2475980
2476100
2476160
2476190
2476200
2476780
2476840
2477160
2477310
2477780
2477790
2478060
2478340
2478430
2478450
2478640
2478820
2478850
2479000
2479010
2479020
2479030
2479190
2479320
2479620
2479640
2479830
2480010
2480200
2480410
2480480
2480650
2480660
2480740
2480820
2481920
2482150
2482180
2482270
2482340
2482840
2482900
2482920
2482980
2483050
2483230
2483770
2483920
2483930
2484010
2484130
2484140
2484180
2484240
2484340
2484460
2484760
2484780
2485090
2485150
2485980
2486020
2486370
2486740
2487000
2487060
2487110
2487120
2487130
2487140
2487620
2487930
2487950
2488200
2488420
2488500
2488510
2488690
2488850
2489160
2489310
2489340
2489970
2489990
2490270
2490300
2490440
2490850
2491070
2491080
2491130
2491250
2491260
2491790
2492330
2492570
2492620
2492650
2492820
2493080
2493130
2493140
2493220
2493930
2493980
2494060
2494360
2494440
2494770
2494870
2495000
2495350
2495510
2495780
2495970
2495990
2496160
2496440
2496790
2496920
2496950
2497340
2497910
2497980
2498080
2498100
2498180
2498260
2498300
2498490
2498790
2498920
2499510
2499820
2500130
2500450
2500710
2501590
2501650
2501980
2502310
2502430
2502730
2503180
2503190
2503220
2503280
2503470
2503490
2503550
2503950
2503990
2504640
2505080
2505160
2505180
2505210
2505250
2505370
2505470
2505630
2505820
2506060
2506130
2506340
2506530
2506680
2506740
2507500
2507570
2507630
2507840
2508100
2508280
2508400
2508450
2508560
2508640
2508730
2509210
2509550
2509570
2509660
2509700
2509830
2509920
2510130
2510490
2510760
2510850
2510970
2511340
2511440
2511450
2511910
2512050
2512370
2512450
2512490
2512720
2512910
2513060
2513140
2513170
2513230
2513380
2513510
2513850
2514460
2514920
2515020
2515310
2515410
2515500
2515860
2516280
2516550
2516810
2516820
2516870
2516980
2517200
2518250
2518280
2518810
2518990
2519940
2520000
2520890
2521400
2521510
2521630
2521920
2522270
2522560
2523820
2524200
2524270
2524570
2525750
2526150
2526270
2526510
2527160
2527170
2527310
2527500
2527640
2527710
2527850
2527940
2528010
2528120
2528210
2528800
2529080
2529090
2529340
2529610
2529710
2529750
2529770
2529830
2530060
2530080
2530250
2530280
2530420
2530430
2530620
2530720
2530950
2531360
2531830
2531950
2532010
2532300
2532500
2532720
2532830
2532940
2534300
2534930
2535490
2536220
2536890
2537040
2537470
2537480
2537490
2538750
2538780
2538910
2539180
2539620
2539810
2539910
2540400
2540970
2541310
2541990
2542080
2542110
2542170
2542460
2543320
2543380
2543560
2543950
2543970
2543990
2544030
2544040
2544300
2544570
2544660
2545740
2545950
2546200
2546750
2546760
2547140
2547620
2548650
2548880
2549190
2549380
2549750
2549960
2550300
2550350
2551050
2551240
2551550
2551720
2551780
2552230
2552310
2552330
2552570
2553080
2553250
2553330
2553530
2553640
2555010
2555570
2555780
2556060
2556490
2556620
2556690
2556910
2556940
2557510
2557940
2558440
2558520
2558930
2559020
2559220
2559270
2559530
2559680
2559860
2559990
2560060
2560090
2560210
2560330
2560380
2560510
2560680
2560740
2561120
2561260
2561650
2562000
2562130
2562710
2563130
2563440
2563760
2564240
2564340
2564880
2564950
2565200
2566090
2566190
2566240
2566580
2566620
2566970
2567070
2567530
2567620
2567880
2570230
2570380
2570580
2570740
2571500
2571840
2572150
2572400
2572560
2573350
2573530
2573610
2573640
2573990
2574340
2574350
2574370
2574850
2574870
2575120
2575370
2575840
2575940
2576460
2576640
2576990
2577510
2578010
2578060
2578340
2578420
2578950
2579510
2579620
2579690
2581040
2581360
2581690
2581750
2582710
2582730
2582780
2582810
2583280
2583320
2583340
2583590
2584260
2584290
2584450
2584510
2584570
2584710
2584810
2584880
2585250
2587230
2587960
2588240
2588630
2588890
2589190
2589440
2589510
2589980
2590550
2590670
2590700
2590710
2590770
2590920
2591060
2591130
2591410
2592190
2592320
2592470
2593150
2593370
2593720
2593850
2594020
2594110
2594180
2594430
2595100
2595140
2596200
2596280
2596460
2596480
2596760
2596800
2596940
2597020
2597460
2597470
2597480
2598210
2598500
2599000
2599900
2599960
2600730
2601170
2601660
2601820
2602290
2602790
2602970
2603410
2603480
2603590
2604410
2604970
2605290
2605410
2605430
2605590
2605600
2605710
2606800
2606810
2606880
2607060
2607120
2607190
2607650
2608120
2608210
2608510
2608570
2608620
2608680
2608940
2609070
2609920
2610030
2610040
2610390
2610720
2610920
2611110
2611190
2611550
2611750
2612870
2612970
2613130
2613420
2613730
2614790
2615270
2615670
2616090
2616720
2616750
2617090
2617360
2617400
2617740
2617930
2618360
2618710
2618850
2618940
2618990
2619000
2619120
2619630
2619750
2619860
2619900
2620020
2620140
2620590
2620610
2620770
2620940
2621270
2621960
2621980
2622000
2622220
2622240
2622390
2622660
2623100
2623680
2624060
2624080
2624120
2625960
2625970
2626080
2626120
2626860
2627240
2627390
2627770
2628020
2628400
2628800
2628850
2628930
2629310
2629410
2629550
2629630
2629640
2630520
2630760
2630770
2631060
2631150
2631500
2631960
2632140
2632550
2632620
2632650
2632690
2632840
2633110
2633280
2633460
2633560
2633630
2634470
2634510
2634820
2634850
2634970
2635030
2636200
2636490
2637960
2638050
2639480
2639500
2639630
2639770
2639870
2639910
2639950
2640170
2640240
2640390
2640650
2641050
2641070
2641720
2641760
2641770
2642510
2642780
2643310
2643850
2643970
2644230
2645490
2645600
2645650
2645700
2646060
2646450
2646760
2646830
2647510
2647560
2647900
2647980
2648260
2648310
2648660
2648990
2649040
2649080
2649220
2649910
2650040
2650080
2650210
2650290
2650340
2650510
2650610
2650950
2651860
2652040
2652820
2653480
2653850
2653870
2653990
2654640
2656230
2656520
2656600
2656740
2657230
2657850
2658180
2658430
2658720
2659150
2659840
2659970
2660050
2660440
2661290
2661360
2661750
2661900
2662070
2662280
2662780
2663110
2663150
2663210
2663530
2664300
2664690
2664720
2665090
2665400
2665940
2666220
2666370
2666390
2666680
2667130
2667260
2667590
2668740
2668910
2669010
2669030
2669330
2669380
2669660
2670400
2670550
2670940
2671770
2672060
2672430
2672520
2672770
2672790
2673170
2674300
2674510
2674970
2675330
2676270
2676340
2676450
2676460
2676790
2676810
2677650
2677750
2677910
2678290
2678480
2678640
2678660
2679310
2680050
2680280
2681340
2681740
2681950
2682460
2682860
2683060
2683350
2683620
2683680
2684030
2684220
2684400
2685420
2685630
2686480
2686910
2687000
2687300
2687530
2687590
2687700
2688680
2689490
2690250
2690870
2691050
2691470
2691780
2691800
2691890
2691900
2692030
2692160
2692460
2692740
2692800
2692950
2693240
2693530
2694020
2694200
2694210
2694230
2694920
2695100
2695260
2695940
2696660
2696760
2696810
2696850
2697430
2698350
2698680
2698800
2698830
2699540
2699570
2699890
2700240
2700280
2700560
2701020
2701310
2701390
2701720
2701800
2702310
2702960
2703100
2703140
2703340
2703810
2704070
2704100
2704140
2704340
2704580
2704770
2704900
2704910
2705110
2706040
2706210
2706290
2706300
2706390
2706780
2706940
2707610
2708320
2708580
2708660
2708790
2709030
2709060
2709750
2709770
2710290
2710380
2710460
2711190
2711360
2712380
2712480
2712650
2713110
2713740
2713760
2714100
2714910
2714970
2715060
2715700
2715860
2715940
2716040
2716550
2716780
2716930
2717160
2717480
2717620
2717740
2717750
2717810
2718150
2718320
2718450
2719130
2720070
2720120
2720130
2720280
2720420
2720540
2721170
2721680
2721960
2722660
2722770
2723000
2723170
2723220
2723810
2724020
2724540
2724660
2725090
2725170
2725520
2725560
2725600
2726360
2726420
2726750
2726960
2727660
2727870
2728040
2728080
2728340
2729050
2729350
2729450
2729710
2729940
2730240
2730290
2731400
2731920
2732310
2733260
2733310
2733550
2733620
2733670
2733690
2733790
2733800
2734140
2734150
2734350
2734360
2734440
2734450
2734850
2735000
2735280
2735710
2736150
2736220
2736290
2736650
2736680
2736690
2736720
2736770
2737430
2737960
2738140
2738190
2738910
2738940
2739860
2739930
2739980
2740000
2740750
2741000
2741070
2741320
2741400
2741480
2741490
2742550
2743020
2744130
2744390
2744510
2744670
2745330
2745630
2746030
2746060
2746570
2747220
2747470
2748170
2748340
2748520
2748900
2749000
2749100
2749170
2749270
2750000
2750770
2750910
2751010
2751040
2751220
2751950
2752560
2753100
2753170
2753220
2753270
2753410
2753870
2753950
2754120
2754530
2754920
2755020
2755120
2755240
2755690
2755980
2756030
2756280
2756670
2756970
2757000
2757220
2757400
2757540
2757810
2758000
2758110
2758350
2758910
2758970
2759010
2759760
2759840
2760610
2760780
2760800
2761160
2761180
2761290
2761310
2761340
2761410
2761550
2761610
2761760
2761780
2762330
2762370
2762470
2763210
2763310
2763470
2763810
2764320
2764470
2764500
2764650
2765370
2765460
2766260
2766290
2766400
2766620
2766830
2766860
2766900
2767220
2767240
2767280
2767520
2767790
2768080
2768420
2768440
2768600
2768920
2768940
2769110
2769210
2769290
2769920
2770150
2770190
2770430
2771980
2772020
2772940
2773230
2773270
2773640
2774370
2774460
2775030
2775100
2775170
2775220
2775550
2776180
2776230
2776280
2776500
2776630
2776860
2776940
2777070
2777110
2777210
2777390
2777760
2778530
2778750
2778760
2778780
2779020
2779180
2779400
2779730
2780100
2780280
2780470
2781420
2782260
2782270
2782340
2782540
2782600
2782620
2782630
2782820
2783270
2783920
2784040
2784360
2784550
2784610
2784700
2785090
2785330
2785600
2785750
2785950
2786100
2786280
2786980
2787370
2787670
2787720
2788000
2788060
2788400
2788740
2789520
2789760
2790130
2790320
2790330
2790790
2790830
2791250
2791890
2792760
2792830
2793200
2793280
2794230
2794470
2794510
2794610
2794640
2794910
2795030
2795160
2795240
2795380
2796190
2796250
2796340
2796980
2797310
2797340
2797640
2797690
2797760
2798050
2798790
2799120
2799190
2799240
2799360
2800210
2800260
2800940
2801630
2801830
2802990
2804490
2804520
2805100
2805230
2805260
2805340
2805580
2805670
2806800
2806870
2807130
2807250
2807260
2808390
2808610
2808710
2809090
2809480
2809520
2810070
2810170
2810340
2810890
2811400
2811590
2811620
2811860
2811960
2812050
2812530
2812720
2812820
2813240
2813290
2814260
2814520
2814640
2814720
2814760
2815740
2815760
2816120
2816280
2816590
2816940
2817050
2817910
2818410
2818830
2819300
2819540
2819830
2820030
2820580
2820630
2820700
2820730
2820760
2821380
2821440
2821890
2822390
2822640
2822770
2822980
2823130
2823460
2823630
2823900
2824400
2824560
2824630
2824780
2824890
2825080
2825310
2825510
2825560
2826120
2826410
2826460
2826660
2826700
2826970
2827390
2827490
2827520
2827690
2827860
2827880
2827930
2828300
2829890
2831320
2832060
2832340
2832580
2832620
2834220
2834320
2834450
2834470
2834830
2834860
2835430
2835720
2836040
2836300
2836470
2836860
2837280
2837490
2837610
2837760
2838160
2838940
2839010
2839190
2839290
2839420
2840000
2840250
2840960
2841050
2841530
2841730
2841780
2841960
2842050
2842490
2842670
2843050
2843130
2843190
2843600
2844320
2844360
2844450
2844910
2844950
2845120
2845140
2845820
2845940
2846150
2846260
2846300
2846430
2846530
2846730
2847210
2847970
2847980
2848020
2848080
2848190
2848470
2848580
2848740
2848750
2848800
2848840
2848890
2849070
2849530
2849650
2849690
2850100
2850380
2850410
2850600
2850620
2850640
2850690
2850840
2850890
2850930
2850970
2851020
2851260
2851290
2852260
2852470
2852480
2852500
2852700
2852950
2852970
2852980
2853050
2853060
2853130
2854030
2854060
2854350
2854560
2855010
2855580
2855780
2855990
2856580
2856640
2856930
2857070
2857170
2857680
2858220
2858360
2858790
2858860
2859200
2859370
2859520
2859670
2859920
2860040
2860170
2860270
2860380
2860410
2860420
2860810
2860990
2861360
2861400
2861660
2861740
2861950
2862500
2862610
2862890
2863350
2864890
2865130
2865160
2865440
2865540
2865670
2865750
2866000
2866430
2866730
2866750
2866780
2867190
2867200
2867380
2867440
2868070
2868800
2869030
2869330
2869340
2869470
2869950
2869960
2870000
2870150
2870220
2870340
2870350
2870400
2870420
2870560
2870770
2871150
2871290
2871540
2872750
2872810
2872830
2872910
2873010
2873070
2873380
2873490
2873750
2874560
2874970
2875130
2875480
2876380
2876590
2877110
2877500
2877550
2878050
2878060
2878200
2878230
2878270
2878710
2878760
2878930
2879070
2879300
2880080
2880170
2880300
2880850
2880990
2881020
2881430
2881670
2882560
2882710
2882830
2882960
2883660
2883900
2884080
2884600
2884780
2885330
2885450
2885960
2886100
2886470
2886580
2886930
2887100
2887350
2887950
2888960
2889000
2889070
2889750
2889780
2890370
2890960
2891020
2891090
2891390
2891520
2891580
2891600
2891650
2891760
2891930
2892510
2892590
2892830
2892850
2893000
2893350
2894250
2894280
2894870
2894970
2894990
2895350
2895430
2896040
2897730
2898730
2899300
2899930
2899980
2900420
2900660
2900760
2900790
2901010
2901050
2901370
2902210
2902550
2902570
2902830
2903100
2903460
2903670
2903890
2903940
2904000
2904490
2904750
2904800
2905150
2905700
2905930
2906510
2906800
2907080
2907090
2907110
2907360
2907770
2907850
2908560
2908950
2909100
2909410
2909480
2909720
2910590
2911010
2911230
2912050
2912100
2912530
2912680
2912910
2913200
2913310
2913670
2914090
2914130
2914400
2914970
2915760
2916670
2916980
2917360
2917480
2917630
2918080
2918410
2918430
2918840
2919120
2919260
2919370
2919410
2919500
2920690
2920910
2921620
2922580
2922990
2923270
2923390
2923690
2923920
2924040
2924050
2924130
2924920
2925010
2926170
2926180
2926280
2926350
2926680
2927030
2927510
2927530
2927590
2927840
2927850
2928080
2928520
2928690
2928770
2928790
2928880
2929080
2929510
2929820
2930290
2930320
2930930
2931220
2931270
2931340
2931520
2932110
2932160
2932550
2933260
2933910
2934010
2934620
2935430
2935690
2935820
2936010
2936180
2936350
2936590
2937170
2937520
2937850
2937870
2938330
2938350
2939580
2940560
2940860
2941280
2941510
2942170
2942780
2943310
2943320
2943550
2943630
2944090
2944240
2944350
2944550
2945200
2945390
2945800
2945940
2945970
2946250
2947340
2947350
2947780
2947800
2947880
2948220
2948810
2949090
2949230
2949580
2949880
2949950
2950260
2950400
2950680
2950760
2951580
2951920
2952000
2952200
2952930
2953340
2953540
2953790
2954380
2955220
2955420
2955500
2956360
2956730
2957330
2957690
2957700
2957780
2958290
2958640
2959740
2960150
2960440
2960890
2961460
2962010
2962220
2962570
2962840
2962940
2963570
2964030
2964300
2964960
2965380
2966580
2966670
2967220
2968260
2968500
2968620
2968730
2971090
2971390
2972890
2973200
2973520
2973690
2973850
2974660
2975040
2975190
2975790
2976450
2976670
2977310
2977440
2977770
2978310
2978870
2979300
2979840
2981590
2981910
2982610
2983330
2983540
2984080
2984360
2985750
2985840
2986350
2986830
2987200
2987330
2987610
2988390
2988400
2989200
2989270
2990580
2990760
2991320
2991870
2991890
2992510
2993690
2994250
2996000
2996930
2996960
2997660
2998850
2999070
2999090
2999930
2999960
3000020
3000470
3001440
3002800
3002860
3002970
3003010
3003050
3003310
3003640
3003700
3003730
3004670
3004940
3004980
3005180
3005260
3005640
3005930
3006010
3006140
3006420
3006480
3006540
3006670
3006930
3007220
3007460
3007570
3007580
3007660
3008210
3008240
3008440
3008900
3008920
3009270
3010840
3010930
3010970
3011030
3011200
3012260
3013160
3013190
3013710
3013900
3014090
3015250
3015650
3015690
3017170
3017390
3017980
3018130
3018160
3018170
3018360
3018400
3018500
3018580
3018890
3019350
3019370
3021150
3021650
3021750
3022130
3022270
3022530
3022970
3023690
3024690
3025180
3025380
3026160
3026730
3027580
3028120
3028220
3028700
3028840
3028900
3029340
3029910
3030010
3030530
3031390
3031660
3032120
3033120
3033340
3033900
3034150
3034810
3035340
3035500
3035880
3036310
3036360
3036390
3036760
3037170
3037180
3037310
3037370
3037510
3038020
3040560
3040740
3041650
3042160
3044450
3044510
3045070
3045200
3045240
3045440
3045680
3046230
3046780
3046990
3047220
3047440
3047510
3048330
3048420
3048670
3049650
3049900
3050170
3050520
3050540
3051520
3051910
3052500
3052540
3054610
3055530
3056760
3056980
3057460
3057550
3057760
3058010
3058100
3059390
3059420
3061760
3063390
3064000
3064020
3066370
3066430
3066460
3066510
3069140
3070380
3070400
3070450
3071000
3071770
3071880
3072470
3072500
3072800
3078500
3078740
3079110
3080020
3080530
3080880
3081300
3082620
3082710
3082720
3082750
3082940
3083360
3083510
3084100
3084280
3084510
3085010
3085180
3085780
3085800
3086500
3086630
3086660
3087110
3087910
3088040
3088670
3089100
3089130
3089580
3090920
3091200
3091480
3091950
3091990
3092280
3092440
3092760
3093030
3093890
3094680
3095720
3099410
3100420
3100740
3100810
3101770
3102330
3103340
3103590
3103800
3106620
3106780
3107270
3107700
3108120
3108780
3110410
3110420
3111620
3111680
3113480
3113890
3115370
3116200
3117620
3117710
3118060
3121620
3122530
3123170
3124770
3124780
3125500
3127520
3129920
3132010
3134530
3138220
3138500
3139620
3139690
3140160
3143860
3145060
3145320
3146930
3147430
3147690
3160260
