10
70
80
220
240
320
400
420
440
500
550
570
620
730
1900
2810
2820
2870
3720
4000
4500
6850
6860
6980
7200
8140
8190
8500
9420
9480
9900
13520
15080
15100
15130
15170
15370
19900
20510
20900
20920
22100
22130
22600
25800
25900
33230
33930
34870
35000
35700
35720
39190
39500
39540
39680
40100
40390
40950
40960
40970
40980
41500
41700
42910
42960
47400
47410
48190
48240
48700
48720
55230
57300
57690
57740
58520
58610
64000
65800
73170
105600
107410
108600
108700
108710
109600
115800
200710
201310
201870
202750
203140
203160
203350
203630
203770
204450
204880
206420
207140
207350
208140
210770
211070
211600
211820
212680
212740
213670
214730
215280
215930
216150
217200
217750
218230
218510
218620
219640
219740
219990
220240
221100
222420
222750
222880
222940
223100
223470
224900
224960
224980
225300
225540
225640
226840
226860
226960
227300
227940
228380
230230
230410
232090
232430
232890
232910
233450
233610
233720
233840
233860
234650
235540
235600
236110
236390
236690
236850
236870
238010
238090
238320
238370
238960
239030
239140
239160
239200
241560
242050
242550
242640
242760
242860
243470
244210
244450
244850
245170
245620
247950
248610
249050
249230
251060
251150
251290
251570
252490
252870
252950
253900
253960
253980
255710
257120
258180
261180
261550
263280
264710
265300
265930
268910
269190
270880
271260
274940
275850
276810
278360
278460
278570
280160
280720
280790
281990
282070
282140
282900
283640
284160
286160
286690
287390
287630
289130
289650
289690
289950
290340
291480
291550
291650
292030
293760
294100
297000
297920
298110
298610
298630
299740
300380
300550
300570
301640
302670
304390
304730
304930
305050
305620
307690
311260
311290
311560
311690
312450
312660
312670
313160
314180
315660
318600
319630
320300
321960
322330
322500
323190
323850
324510
324800
327030
330020
333640
333930
333950
334940
337000
337320
342940
343710
343860
346010
346110
346940
348550
349270
352720
355790
356040
356570
357310
359100
359320
359550
360830
361420
362490
362890
362960
363680
363930
365160
365450
365590
366220
367520
368070
368230
368500
370910
371660
372000
373420
373930
375480
375910
376210
376300
377530
377870
378540
378610
378720
379430
381210
383120
383150
383180
383270
383870
386180
386360
386940
387990
388410
391220
392110
392160
393380
394360
394690
396750
396900
397950
398850
399810
400170
400750
401680
401760
402390
403190
404540
404590
405900
407130
407530
408410
408900
410320
410710
410900
412020
412830
413150
413410
413420
414530
414700
414740
414870
418460
419480
421790
423230
423580
424030
424370
427030
427290
427520
427940
428660
431240
434650
435150
435530
436180
436670
437570
437920
438740
440900
443810
444090
444200
445190
445220
445310
446800
447020
447040
447820
448510
451020
453090
454120
454350
457140
460920
460930
461950
462780
464340
464450
464920
465200
466240
466560
466630
468920
469600
470220
470310
471550
473690
475150
475550
477160
477740
480430
483330
484900
485030
487000
487120
488790
489520
489630
489940
491540
491950
492090
492230
492720
493200
493340
493520
493900
494430
494840
495280
495560
496300
501080
503940
505230
507490
508440
510390
512900
513710
515180
515960
516750
517630
517710
518060
518790
519860
520440
521620
521890
522210
525360
525920
526160
526870
527230
527430
530700
532210
532750
534370
534380
535930
537800
538680
544330
544550
544610
544920
546430
548430
550320
550650
550900
551170
552500
552520
552620
552990
553310
553420
553520
554620
555950
558260
558990
559100
562470
562810
564230
566440
566540
567630
567640
571260
572410
573100
573120
574090
574200
574720
577230
579180
581320
582160
582660
583950
585420
587110
588650
589290
589530
590380
591460
593600
594650
594770
596000
597760
597820
599610
601840
602320
604540
606150
606230
606280
606800
606870
606880
607050
609920
610080
613100
617290
617480
619880
621060
621830
624970
625340
625960
626610
627690
628670
629760
629820
632300
632470
633460
636480
637090
638000
640820
641080
641990
644830
644930
645320
645630
646570
646910
648350
648580
648800
650760
651500
651670
658700
658850
661920
661990
663090
666140
671440
673130
673880
673950
674940
675010
677620
679110
679260
680420
681280
682990
684410
684450
686200
686260
686810
688420
689980
690040
690640
690830
692100
694280
695630
698640
699130
700160
700330
700600
701160
702320
702890
703080
704230
704270
704850
706020
707010
707030
710920
711540
712190
715380
718650
718670
718850
720250
720560
728740
728880
733790
736190
736220
738520
739630
743450
744050
744060
746850
750200
750920
751820
752590
753420
755790
757300
757310
759740
760060
760650
761620
761830
763890
766370
766570
767390
767560
769560
773790
774181
774241
774361
774861
780290
780310
783170
783770
784150
785740
787740
787810
787860
788100
790710
794260
794540
797400
797410
798420
798490
801630
803050
803600
804850
805550
809230
812140
813630
813820
814370
815370
816090
817540
819020
819500
821290
823130
824000
825630
826600
826630
828740
830580
834910
837470
838350
838630
839770
840260
840390
841190
843380
844260
844870
845070
846730
846770
846870
848450
858590
858810
859580
861540
861650
863550
865610
867400
870780
870780
872670
874260
875210
875310
876160
877010
882020
882790
884660
886060
887800
892970
893520
893720
894020
895400
897450
897820
899770
900040
903950
905450
906100
906510
907650
909670
911220
911400
911680
914010
914750
915670
916440
917720
919640
921060
921390
921800
927350
929200
929490
933820
934780
936140
936720
936790
938380
939100
939960
940580
941460
944250
944430
945360
948740
950180
951430
952040
952860
954740
955050
955900
960420
964570
967050
969990
970830
971690
973580
973760
975470
976590
977880
978300
978520
978700
978780
979070
979110
979120
979640
982720
983970
984780
985890
985950
986310
986800
987840
988910
989440
989690
991270
991810
994280
996770
997010
997070
999220
999660
1000010
1000360
1003890
1004490
1004750
1007040
1012840
1013310
1013450
1013910
1016600
1016790
1016800
1018160
1020470
1021770
1022310
1022710
1024380
1024480
1024650
1025410
1025440
1029780
1030210
1035560
1036890
1037020
1039890
1040230
1040420
1042380
1042490
1042800
1046930
1048350
1049590
1051200
1054690
1061880
1062000
1062090
1063490
1063730
1066780
1069530
1069690
1072040
1072480
1072500
1073910
1075740
1076200
1078920
1079830
1082180
1085510
1085660
1088850
1089830
1090630
1091500
1092660
1092790
1097790
1100410
1100420
1101190
1102190
1106840
1107750
1108370
1108590
1109690
1110910
1115690
1117670
1118200
1120480
1123050
1123770
1124300
1127970
1128000
1128920
1129580
1130410
1135260
1135300
1135910
1138660
1139900
1139940
1140630
1140890
1143810
1144200
1148560
1149460
1149620
1153640
1154790
1154810
1158310
1158370
1158890
1158980
1159560
1160220
1161490
1161580
1162130
1162520
1163590
1164250
1167140
1167450
1169740
1170950
1172470
1172650
1174460
1176710
1178400
1178790
1178830
1179210
1180380
1184370
1186040
1186640
1187840
1189630
1190000
1190130
1190400
1190460
1193340
1194050
1198090
1199030
1200330
1203220
1205170
1205450
1209410
1210150
1213700
1217060
1220010
1220150
1222370
1222690
1225570
1227690
1229420
1229460
1229490
1233570
1233590
1233880
1238810
1238840
1238860
1239080
1243690
1243830
1244460
1247100
1248130
1249800
1252710
1258220
1259800
1259980
1263070
1264280
1264670
1265920
1265930
1266600
1266840
1267540
1271700
1272320
1276790
1277510
1278750
1282730
1284410
1287590
1287840
1289380
1290000
1291340
1293160
1295500
1296830
1297300
1304340
1308880
1311070
1312960
1330470
1330660
1336120
1338770
1341170
1342620
1343370
1343400
1346010
1351630
1358020
1359090
1363840
1366540
1368820
1371480
1371690
1372530
1377580
1381850
1384160
1386780
1386900
1390670
1390700
1392960
1399780
1399840
1407200
1408680
1410640
1413370
1413870
1418100
1418630
1420850
1426450
1426730
1430750
1435790
1442820
1447000
1449560
1453850
1454050
1455840
1456650
1462810
1463730
1465360
1466640
1466930
1468810
1475850
1489970
1492360
1494470
1497950
1522820
1522870
1525620
1527950
1531540
1538460
1543030
1544360
1546570
1547890
1549180
1551160
1552080
1556870
1559390
1562420
1570010
1587130
1597580
1600370
1610460
1610470
1611600
1651960
1656780
1659040
1674470
1685460
1715130
1745550